687.522
654.405
623.803
593.629
566.916
541.539
516.347
493.26
470.305
448.335
430.407
413.266
398.082
383.476
368.784
354.987
343.082
332.676
322.544
313.056
303.835
294.717
286.055
278.936
272.027
266.363
260.764
256.593
250.974
246.492
242.394
237.492
232.964
229.335
226.437
222.793
219.997
218.383
215.58
213.739
210.867
209.008
206.719
205.049
203.632
201.94
200.886
198.514
196.722
194.56
193.916
191.683
189.924
187.37
186.325
183.609
182.304
179.658
178.48
175.881
175.154
173.244
172.656
170.2
169.151
167.644
166.695
165.211
165.107
163.033
162.601
160.443
159.325
157.306
156.194
154.905
153.634
153.996
152.162
151.334
149.823
148.478
147.814
146.768
145.511
145.389
143.906
142.125
141.393
140.466
139.55
139.368
138.232
136.571
136.414
134.525
134.559
132.901
132.416
131.649
131.454
130.965
130.692
129.821
130.311
129.373
128.519
127.731
127.384
128.274
126.275
125.735
124.722
123.882
123.136
122.675
122.112
121.912
121.391
121.229
120.931
121.11
120.191
119.17
118.415
117.585
117.059
116.404
115.915
116.373
114.505
114.181
113.247
113.472
112.81
112.912
111.538
111.336
110.853
111.173
109.97
109.321
108.535
108.139
107.524
106.608
106.299
105.307
105.048
104.449
103.971
103.453
103.197
102.333
102.147
101.071
100.65
100.003
99.86
98.9104
98.4844
97.8115
97.2308
96.4843
95.8724
95.5814
95.6521
94.4451
94.2609
93.0478
93.1664
91.8904
91.9943
90.4754
90.3358
89.5625
89.6323
87.9331
87.9018
86.8606
86.6423
85.6035
85.4287
84.6132
85.0642
83.6473
84.133
82.5106
82.6739
81.8207
81.7617
81.2467
80.6244
80.4499
80.0344
79.8274
79.1825
78.8877
78.7429
78.1359
78.1468
77.3757
77.2219
76.9545
77.0263
76.437
75.8612
75.624
74.8086
74.5732
74.047
73.79
73.473
73.2891
72.59
72.4721
71.9354
71.6456
71.7445
71.0219
71.0259
70.649
70.4141
70.505
70.1312
69.9325
69.2506
69.2446
68.6839
68.5065
68.0187
67.9518
67.6778
67.8647
67.3034
66.6607
66.9829
66.4472
65.7745
65.2575
65.5039
64.9045
64.4975
64.1889
63.7967
63.5527
63.5755
63.38
62.6286
62.2516
62.4693
61.8615
61.4865
61.811
60.9619
60.5147
60.8385
60.1018
59.7341
59.7318
59.0581
58.7534
58.6829
58.1822
58.1778
57.7686
57.7043
57.8055
57.6374
57.2284
56.7532
56.3346
56.4485
55.3265
54.9947
55.0499
54.241
53.9863
53.8781
53.6423
52.9276
52.5562
52.3548
52.1709
51.4488
51.0327
50.6165
50.381
49.7381
49.1465
49.0828
48.6212
48.216
48.007
47.306
46.9582
46.5689
46.483
46.2855
46.1978
45.3901
44.9579
44.7539
44.1024
43.9307
44.3486
43.3715
43.3129
43.4767
43.0786
42.8821
42.5024
42.547
41.7829
41.2687
41.7175
41.1844
41.5891
40.6285
39.9795
40.5872
39.9597
39.9791
39.9492
39.7323
39.162
39.4423
38.957
38.3928
39.095
37.8886
37.9242
37.7684
37.7394
37.1358
37.3607
36.5741
36.4584
36.5098
36.2217
35.7939
35.8527
35.3577
35.2409
34.8162
34.8614
34.13
34.3498
33.6458
33.7557
33.0367
33.3663
32.3335
32.2922
32.1866
31.8674
31.4583
31.5452
30.7571
31.2197
30.1782
29.8932
30.4573
29.4287
29.5171
29.0297
28.7354
28.693
28.0244
28.2544
27.4083
27.833
27.04
27.2024
26.7887
26.8833
26.315
26.4582
25.695
26.0612
25.2226
25.6288
24.7476
25.0897
24.2727
24.57
23.6649
23.7356
23.5841
23.2722
22.9953
22.7016
22.3515
22.249
21.7156
21.803
21.2374
21.3576
20.7469
20.8937
19.9757
19.7174
20.2801
19.283
19.7294
18.8362
19.2126
18.3122
18.562
17.9116
18.5743
17.4607
18.0717
17.0779
17.5922
16.955
17.3174
16.6086
16.9141
16.0438
15.786
16.4152
16.1072
15.8908
15.8831
15.4803
15.5245
14.9105
14.682
14.7144
14.9399
14.2661
14.4598
14.5095
14.2212
14.3728
13.8409
14.2702
13.5649
14.0267
13.2509
13.6698
13.0485
13.3848
12.784
13.5513
12.5829
13.2154
12.3146
12.4064
12.0869
12.1014
11.9167
11.8211
11.7311
11.7447
11.7482
11.7
11.5753
11.4512
11.2528
11.0127
10.929
10.9216
11.0598
10.7367
10.6164
10.5701
10.6441
10.5799
11.1095
10.3857
10.7731
10.3116
10.396
10.1228
10.0441
9.79463
9.7976
9.57412
9.55013
9.50175
9.44057
9.30028
9.22759
9.28274
9.01209
9.13844
9.20028
8.91506
8.79553
8.83727
8.5564
8.43828
8.42366
8.5358
8.04521
8.36203
8.28809
7.95543
8.34203
8.49616
8.14165
7.84085
7.7925
7.67817
7.51683
8.0083
7.62388
7.40682
7.62124
7.60882
7.45598
7.29394
7.40641
7.1791
7.31595
7.08375
7.2708
6.91939
7.16807
6.76537
6.68485
6.82019
6.68855
6.52524
6.49092
6.66462
6.3271
6.42807
6.89961
6.31174
6.72432
6.19315
6.37901
6.33426
6.10743
6.12125
6.14604
5.95682
5.93154
6.26196
6.20578
6.5387
6.03245
6.41477
5.83567
6.25497
5.60599
6.23381
5.61816
5.81339
5.94657
5.79558
5.59632
5.67131
6.05837
5.50864
5.31167
5.38908
5.4184
5.22857
5.17694
5.1153
5.03862
5.03372
5.77482
5.25411
5.09945
5.60781
5.25007
5.35712
5.24937
5.28351
5.07322
5.30432
4.96154
5.23959
4.94823
4.9689
4.92515
4.75018
5.07537
4.70404
4.94204
4.45308
4.4286
4.69281
4.3001
4.29637
4.1865
4.24386
4.77514
4.15321
4.29456
4.32181
3.91642
4.09806
3.8655
3.74234
3.69689
3.73864
4.32446
3.78983
4.17544
3.74335
3.78286
3.59938
3.49037
3.47181
3.4475
3.26582
3.24352
3.24031
3.24866
3.8542
3.23989
3.4694
3.45361
3.24159
3.75883
3.18042
2.84824
2.86048
2.76346
3.19697
2.82096
3.13257
3.01943
2.82642
2.89384
2.65967
2.89145
2.47682
2.60279
2.81489
2.4534
2.74398
2.46187
2.54191
2.31425
2.51592
2.40287
2.36535
2.35022
2.34128
2.33191
2.34516
2.50209
3.38103
2.48616
2.9698
3.11235
2.79254
2.64172
2.84824
2.30955
1.99515
2.26052
2.01155
2.3465
2.66645
2.30495
2.63958
2.28887
2.31718
2.42596
2.21548
2.51173
2.05432
2.05014
1.93356
1.91395
1.861
1.82302
1.99343
1.69603
1.68056
1.69226
1.49694
1.87146
1.81198
1.6444
2.85653
1.60027
1.96661
1.6191
1.43813
1.43596
1.47372
1.37018
2.86449
2.17674
2.19804
2.36769
1.92953
2.16223
2.26545
2.1139
1.99827
1.97334
2.11872
1.81621
2.27696
1.72292
2.19008
1.66594
1.9469
1.44608
1.88883
1.32766
2.39825
1.47876
1.9805
1.66565
1.98145
1.22519
1.40362
1.49041
1.78409
1.84132
1.554
1.65037
1.51293
1.61641
1.54194
1.5871
1.62986
1.45781
1.3279
1.07825
1.06002
1.06208
1.08167
1.31232
2.1919
1.27839
1.87922
1.70744
1.52136
1.69836
1.56117
1.29044
1.83035
1.39839
1.68314
1.18456
1.17838
1.19751
1.21715
1.24703
1.43011
1.90706
1.96577
1.81223
2.0794
1.65618
2.05961
1.36832
1.88165
1.67023
1.71639
1.41351
1.56823
1.95548
1.51601
1.70954
1.4933
1.46497
1.47846
1.28512
1.01038
1.52814
1.25805
1.1215
1.03442
1.55698
1.17747
1.5138
1.07028
1.26361
1.14843
1.19332
1.06907
1.13846
0.940974
0.771209
0.826486
0.851005
0.917096
1.06254
1.08967
0.919135
0.86603
1.02852
1.20616
0.898358
1.24929
0.931283
0.947658
0.835716
0.837216
0.741697
0.48465
0.776321
0.746789
0.609611
0.504498
1.34804
0.420566
0.482604
0.846078
0.90259
0.971201
1.1173
0.800323
0.74213
0.748103
0.834722
0.626767
0.841275
0.527455
0.443666
0.798551
0.435726
0.683422
0.409781
0.511137
0.407454
0.509551
0.51959
0.392404
0.647693
0.402416
0.451485
0.967739
0.90851
0.506934
1.07073
0.575015
0.573015
0.677005
0.603454
0.608801
0.872042
0.529732
0.538136
0.390975
0.493627
0.256604
0.351754
0.371177
0.352144
0.15583
0.672442
0.593298
0.729997
0.0657058
0.516348
0.172444
0.632513
0.0769461
0.0476115
0.382381
0.590257
0.666926
0.285391
0.492948
0.1967
0.178015
1.11933
0.202638
0.61954
0.275004
0.593248
0.162828
0.365494
0.212795
0.170014
0.46951
0.238403
0.0176403
0.22355
0.225643
1.10267
0.390205
0.989282
0.353719
0.743614
0.431288
0.390862
0.832814
0.437063
0.651186
0.328465
0.356578
0.411317
0.367558
0.290958
0.956259
0.223926
0.257654
0.418772
0.18187
0.0545525
0.255202
0.0295873
0.0249975
1.25554
0.0583098
0.314776
0.329109
0.264287
0.0705077
0.778868
0.410897
0.705844
0.394348
0.621631
0.495029
0.651619
0.41505
0.676175
0.336652
0.610563
0.1694
0.334338
0.0593719
0.0094204
0
110.714
101.64
94.8608
89.7627
85.3086
81.5743
78.1491
75.333
72.6418
69.864
67.1112
64.9833
62.8653
61.0461
59.058
57.2482
55.6761
54.1442
52.4336
51.0308
49.4549
48.4665
47.0967
45.8036
44.2562
42.8092
41.5982
40.4816
39.0217
37.8612
37.0109
35.9788
35.0527
34.3353
33.5158
32.8294
32.2929
31.5821
30.7819
29.987
29.6518
28.736
28.4097
28.1519
27.9658
27.1064
27.2906
26.359
26.0429
25.6473
25.3542
24.6758
24.5841
24.0097
23.2764
23.1254
22.7526
22.0931
22.0911
21.3864
21.2079
20.7884
20.1534
19.7034
19.4493
19.0463
18.9123
18.4434
18.1586
18.0072
17.4149
16.9596
16.8254
16.7949
16.2421
16.0978
15.6408
14.9952
14.9167
14.4412
13.9818
13.9993
13.8789
13.371
13.2193
12.5783
11.8324
11.2761
11.2179
10.4788
10.8243
10.0796
10.083
9.59892
9.32784
8.9617
8.59651
8.08188
7.44923
7.40269
7.07015
7.11894
6.83793
6.56877
6.07991
6.1414
5.51629
5.97652
5.17755
4.90144
5.34688
4.7243
5.1207
4.50664
4.23934
4.30453
5.16607
4.27829
4.33742
4.27582
4.20086
3.9583
4.42749
3.86477
3.75662
4.25257
3.8584
3.97912
3.56675
3.92195
3.60011
3.46348
3.48585
4.24942
3.31923
3.76974
3.21298
3.18225
3.18067
2.9914
2.95554
3.56973
2.81596
3.20855
2.85871
2.96361
2.7655
2.58105
2.98195
2.69042
2.89356
2.69859
2.4458
2.51176
2.60958
2.66771
2.56387
2.46815
2.42629
2.31817
2.20477
2.35293
2.11435
2.39009
2.11666
2.12761
1.92243
2.75529
1.90008
1.88053
1.97643
2.19035
1.85651
1.95144
1.77438
1.7907
1.86314
1.62406
1.68711
1.72158
1.72532
1.59789
1.51244
1.76809
1.48663
1.53227
1.68295
1.73892
1.71522
1.41518
1.44601
1.41867
1.41925
1.56847
1.52948
1.38131
1.56903
1.40908
1.31136
1.40508
1.36343
1.2799
1.31928
1.56939
1.57221
1.2303
1.79619
1.25065
1.23543
1.57624
1.26246
1.25074
1.36662
1.6117
1.19911
1.17
1.89374
1.20985
1.11073
1.16711
1.20207
1.58951
1.077
1.91127
1.2504
1.24104
1.18022
1.04427
1.16366
1.23051
1.60275
1.33569
1.21113
1.68837
1.06765
1.61961
1.24049
1.19366
1.54133
0.997471
1.49562
1.31629
1.11789
1.24492
1.49058
1.20745
0.940509
1.34395
1.31474
1.16881
0.966856
1.65821
0.953406
1.27644
1.28103
1.29243
1.28678
1.23939
1.118
1.33346
1.34067
1.14431
1.16376
1.03374
1.05219
1.20387
0.946918
1.08691
1.23505
0.919013
1.0777
1.10011
0.993271
0.891703
1.52461
0.884151
0.880503
1.03565
1.28928
1.41398
1.00504
0.907067
1.19481
1.06207
0.855899
1.47876
0.95928
0.76494
0.868537
1.37685
1.01426
0.737911
1.0577
1.19914
0.840879
0.704601
0.987693
1.07596
1.18301
0.828186
0.920338
1.06687
0.868995
1.17618
0.870302
0.913108
0.710074
1.21154
1.18572
0.896636
1.10846
0.878315
0.628897
0.923508
1.10892
0.850992
0.893811
0.833843
0.624501
0.781893
0.987788
1.14324
1.06249
0.765197
0.882413
0.765932
0.906724
1.26475
0.832734
1.42684
0.626792
0.643582
1.57749
0.709732
1.10221
0.976688
0.858579
0.868972
0.914683
0.616841
0.916217
0.806259
0.619791
0.927255
1.07964
0.905567
0.843534
0.711362
1.17469
0.681119
0.73798
0.598906
0.772791
1.30531
0.969243
0.757135
0.867704
0.74862
0.749896
0.779446
0.760577
0.48899
0.998476
0.566001
0.721345
0.485312
0.931308
1.16615
0.779953
0.879866
0.629005
1.10299
0.633246
0.911888
0.545318
0.393617
0.640595
0.636569
0.989752
0.528699
0.85255
0.931521
0.889246
0.823467
0.841675
0.6585
0.775036
0.681359
0.922416
0.839105
0.70499
0.42527
0.939268
0.445749
1.12064
0.48698
0.832598
0.682536
0.359576
1.1011
0.732216
1.0435
0.715727
0.581883
0.861272
0.366664
0.572084
1.1262
0.69303
1.30995
0.528744
1.27545
0.52288
0.96235
0.526504
0.292188
2.00148
0.452268
0.310532
0.992261
0.526346
0.656657
1.32325
0.393115
0.850157
0.445418
0.620521
0.919519
0.515281
0.95711
1.35562
1.05125
0.381379
1.27446
0.411713
1.39236
0.471141
0.718662
0.622234
0.955192
0.538285
0.466854
1.29343
0.284018
1.01936
1.07376
0.329246
0.821196
0.850759
0.600126
0.932936
0.894768
0.525407
0.465894
1.38353
0.547108
0.507501
0.827651
0.514158
1.39575
0.234857
1.98897
0.190864
0.567947
0.306838
0.50141
0.793866
1.08153
0.994554
1.41581
0.305367
0.332147
0.880172
0.416063
0.611112
0.453427
1.49118
0.299996
0.527758
1.39066
0.434395
0.231628
0.467383
1.2822
0.845242
0.514819
0.868636
0.532884
1.23074
0.343396
0.770429
0.370184
1.48799
0.366687
0.646864
0.419646
1.08535
0.247509
1.11844
0.304001
0.44853
0.202738
0.369118
1.32944
0.617656
0.468626
0.924715
1.20419
0.362814
0.739694
0.428824
1.18793
0.867996
0.312689
1.4382
0.34421
1.69711
0.240008
0.970906
0.547471
1.25452
0.467751
1.31928
0.448408
0.422437
1.29192
0.467657
0.826632
0.252656
1.64151
0.729181
0.178366
1.38215
0.698835
0.773093
0.93883
0.531127
0.383869
0.357758
0.953612
0.547377
0.481783
0.736555
0.210362
0.126888
1.6329
0.669826
0.755551
0.528002
1.0708
0.168678
0.346649
1.11085
0.366325
0.338871
1.32536
0.392831
0.924268
0.519665
0.623997
0.458901
0.461987
0.565921
0.411463
0.235108
0.476712
0.627193
0.432223
0.479477
0.338298
0.69852
0.36275
1.08083
0.300604
0.502406
0.651651
0.501366
1.10484
0.36928
0.351218
0.526322
0.466485
0.166376
0.79752
0.262082
0.163962
1.27483
0.360662
0.987191
0.0825653
0.625463
0.215308
0.40722
0.939864
0.418641
0.737856
0.250872
0.819118
0.567745
0.524352
0.187116
0.94475
0.531778
0.73537
0.121916
0.676612
0.118603
0.279918
1.74911
0.0688009
0.294347
0.559798
0.203982
0.547851
0.387909
0.669645
0.447085
0.194686
1.01999
0.142221
0.177148
1.08446
0.695983
0.589199
0.178422
1.13927
0.613235
0.706522
0.196434
0.16368
0.492535
0.540709
0.532662
0.307775
1.01857
0.286058
0.579756
0.659499
0.258381
1.29989
0.139734
1.64025
0.201788
1.46339
0.0625377
0.392285
0.419075
0.430164
0.338828
0.783385
0.0269276
0.719683
0.461445
0.345608
0.608543
0.421491
0.563025
0.11944
1.08966
0.202111
1.21417
0.497186
0.224573
0.910977
0.773936
0.587991
0.149602
0.837643
0.353716
0.384121
0.323064
0.39194
0.52432
0.584344
0.455093
0.193332
1.0124
0.690289
0.246938
0.745247
0.592115
0.40388
0.329118
0.604708
0.170917
0.228337
1.32105
0.207014
0.447865
0.27447
1.21445
0.130537
0.536381
0.795838
1.0375
0.365958
0.375002
0.6562
0.47954
0.552007
0.154423
1.43898
0.314023
0.383136
0.353668
0.837842
0.0135685
0.346396
1.34554
0.273248
0.659094
0.562134
0.315851
0.530674
0.957524
0.339456
1.09665
0.924759
0.136972
1.36594
0.576302
0.852443
0.193149
0.280614
1.16937
0.578621
0.322419
0.638764
0.147109
0.0960399
0.368401
1.22613
0.421088
0.683152
0.160112
0.816917
0.374095
0.831999
0.126359
0.354962
1.05039
0.250734
0.716973
0.103152
1.7064
0.0419373
0.0475764
0.304865
0.969836
0.546164
0.749026
0.621938
1.18122
0.37257
0.859525
0.191909
0.996981
0.372044
0.641943
0.648352
0.414252
0.704977
0.993731
0.380101
0.339602
1.46774
0.450154
1.44364
0.515152
0.931413
0.876739
0.904238
0.348308
0.863311
0.667641
0.30552
1.09911
0.484724
0.405994
0.0986878
0.878488
0.657534
0.833672
0.193639
0.118676
1.99083
0.649745
0.372322
0.298446
1.36093
0.843995
0.931256
0.955205
0.871857
0.357653
0.925233
0.52354
0.575433
1.29242
1.02216
0.136183
0.343006
0.247661
2.23648
0.508019
1.30419
0.763473
0.443207
0.892932
0.634064
0.871553
0.101375
1.35229
0.72837
0.760965
0.823233
0.79782
0.409223
0.821892
0.35341
0.957561
0.0244236
1.47925
0.191632
0.0987163
1.3791
0.737905
0.809706
0.696577
0.707354
0.421314
1.45326
0.431936
0.663936
1.38008
0.948765
0.231776
0.850571
0.579761
0.757817
0.695859
0.883035
0.715132
1.16197
0.411579
0.846521
0.955395
0.412644
0.458642
0.822554
0.794624
0.916994
0.26914
0.230743
1.27209
0.666768
0.982724
0.248599
0.929652
0.328117
0.995785
0.6164
0.311006
1.54414
0.374166
0.876219
0.523417
0.650244
0.153252
1.30429
0.865304
1.44719
0.339442
1.05261
0.188386
1.30612
0.396061
1.2498
0.343674
1.10591
0.867198
0.812073
0.818285
0.921713
0.554223
0.949219
0.565366
0.652541
0.638329
0.674118
0.422409
0.687582
1.14941
0.594979
0.574753
0.456173
0.94696
0.480164
0.300636
0.596922
0.511624
0.868245
0.349105
0.978777
1.13074
0.856341
0.199746
0.58601
0.529894
0.687473
0.743796
0.557894
0.514009
0.788735
0.696554
0.787581
0.173231
0.340527
1.37772
0.318018
0.842135
0.483626
1.47478
0.623107
1.26805
0.487821
1.15619
0.524622
1.22295
0.859561
0.67494
0.200486
1.89283
0.786889
1.10842
0.88833
0.954664
0.096724
1.07841
0.844497
0.419412
0.836824
1.01036
0.717043
0.777064
0.507279
0.761449
0.835297
0.766645
0.64104
0.846379
1.22868
0.557099
1.28949
0.396343
1.3856
0.531281
0.50493
0.814969
0.464827
0.742903
0.467927
0.904177
0.543009
0.642352
0.903313
0.665611
0.513169
1.06774
1.02006
0.897901
0.705223
0.404163
0.750539
0.521622
0.452201
1.05445
0.569111
0.68643
1.02771
0.398669
0.0585632
0.670476
0.748023
0.627057
1.11
0.528091
1.60576
0.528615
0.278146
1.17679
0.0961087
1.05089
0.243119
0.973859
1.32227
1.12415
0.5721
1.46
0.21617
0.351598
1.78947
0.349153
0.167402
0.429073
1.20405
0.866486
0.736756
0.741142
1.21443
0.561649
0.474667
0.829719
1.70377
0.583392
0.820397
0.944422
1.46715
0.292708
0.63801
0.359846
0.724599
0.559172
0.449127
0.759491
0.260979
0.285132
0.822004
0.0636866
0.106958
0.255846
1.13633
0.193497
0.876558
0.133865
0.891726
0.206658
0.0783046
0.859528
0.774627
0.989773
0.733115
1.6077
0.574531
1.63532
0.782427
0.763006
0.89502
0.413245
0.968099
0.352
1.66534
1.12629
0.395653
2.71343
0.888099
0.638067
1.41761
0.997672
0.907448
1.24093
1.64091
0.719889
1.58661
0.471491
1.00495
0.593203
1.47142
1.19881
1.31358
1.38945
0.357035
1.19442
0.578343
1.85288
0.365406
0.311213
1.33202
0.557194
1.25341
0.0452281
0.252354
0.881456
0.168372
2.54774
0.487758
1.73886
0.326317
1.68711
0.165374
0.342553
1.20054
0.64407
1.73879
0.479081
0.847693
1.13913
0.874885
0.526563
1.60076
0.468212
0.901047
0.260634
2.12463
0.0902892
1.62323
0.255636
0.0494364
2.32725
0.403408
1.60484
0.402054
1.01004
0.755195
0.430638
1.07025
0.836271
0.308532
0.705935
0.173282
1.12124
0.0116271
0.0428639
0.678081
0.347841
0.544263
0.876902
1.26009
0.530961
0.799076
0.900078
0.320954
0.712639
1.32833
0.227088
1.79722
0.377509
1.28298
0.928578
0.297204
0.86135
0.509456
0.493118
0.564056
0.756275
0.538309
0.925934
0.33413
1.03576
0.226765
1.7661
0.618661
0.542656
0.832729
0.589637
0.780917
0.464639
0.698526
1.02385
0.605117
0.915367
0.1216
0.566915
0.274741
0.482614
0.00942074
0.139769
3.17091
0.557223
1.08479
1.07525
0.789883
1.23608
1.0148
0.491669
0.615823
0.70986
0.898105
0.107784
0.208084
0.438968
0.261124
0.190759
0.159732
0.35704
2.2927
0.216612
2.40303
0.0153798
1.16601
0.237343
1.82026
0.200753
0.544382
0.908859
0.470765
0.635679
0.967476
0.109789
1.04913
2.19454
0.676392
1.18537
0.60519
1.0794
0.674182
0.994472
1.12262
0.992262
0.299259
0.852808
0.559031
0.761888
0.408556
0.177499
0.685334
1.03531
0.607829
0.408577
1.34154
0.666776
0.425563
0.663092
0.134966
0.0245811
2.37818
0.210413
1.67924
0.0187892
0.93584
0.266774
0
92.1212
80.8711
70.9968
62.0961
53.5794
45.251
38.0453
31.9962
29.0649
26.2706
23.7995
22.9773
21.4713
20.0451
19.1103
18.0405
17.1195
17.6019
16.7027
16.382
15.4362
15.4523
15.2379
12.6326
12.6031
10.6702
10.8948
11.289
10.7332
11.1139
10.7115
11.5186
13.0645
11.7865
9.81779
9.17398
8.35003
7.34932
7.64291
6.9132
5.97948
6.29037
5.62971
5.65299
4.97663
4.61786
4.32097
3.66382
3.71026
3.39878
3.23152
2.76973
2.82457
1.87997
2.56843
1.35209
1.42803
1.27796
1.47978
0.752026
1.68482
0.639939
2.02841
0.510297
1.01967
0.29473
0.781943
0.951844
0.887144
0.393418
0.536635
0.710377
0.254226
1.46909
0.319666
0.643046
1.60272
0.511482
1.33529
0.364802
0.929312
0.48867
0.467145
0.583383
0.24057
0.474775
1.13986
0.729704
1.17857
0.729548
3.27446
0.579858
1.19691
1.31247
1.9237
0.856629
1.70618
0.394334
0.408255
0.0330484
1.01539
0.599205
1.15812
0.669886
1.19073
0.435454
0.69262
0.525993
0.526561
1.59449
0.389045
1.61079
0.659066
0.581857
0.269911
0.304894
0.340423
1.13919
0.370723
1.24234
0.445013
0.738691
0.288724
0.974442
0.25872
0.132854
0.642851
1.02927
0.510106
0.539744
0.597174
0.172801
1.65689
0.455623
0.688559
0.547322
0.976819
0.815472
0.829904
0.563824
1.11315
0.524703
0.132051
0
76.5351
57.4324
43.972
31.4166
25.2681
21.7876
20.0413
17.4547
15.6116
13.936
13.3975
12.8987
12.3663
12.5889
11.8442
11.5657
12.1359
12.1437
11.5435
11.8511
12.3235
11.5075
11.3547
12.1868
11.9001
12.3171
12.3899
11.5205
12.1557
11.9755
11.7075
12.3743
12.2397
12.1034
12.5255
12.0133
12.1853
12.1622
12.0985
11.2186
10.6318
11.8592
10.6807
10.1304
10.4675
9.5056
8.83503
8.26854
7.88775
7.47627
7.80823
7.45888
7.12223
6.99329
6.30494
6.01226
6.35457
5.44597
5.3504
5.04405
4.2939
5.09582
4.2474
3.63082
3.39073
3.69917
3.1902
3.2371
3.17615
2.10626
2.89849
1.74612
1.59961
1.51834
1.76872
1.54561
1.33139
1.6561
1.4243
1.02087
0.821834
0.919993
0.77359
2.60201
0.662428
1.78541
0.575351
0.456483
1.40567
0.75107
1.13082
0.35664
1.74598
0.625507
0.669128
0.56905
1.70987
0.334242
0.148388
0.178968
1.82603
0.499501
0.31409
1.54666
1.09158
0.614202
0.111903
0.14537
1.84483
0.439259
1.5313
0.381081
1.20493
1.0782
0.51227
0.269125
1.35383
0.875635
1.39663
0.563112
1.27533
0.207668
0
