688.299
675.137
661.591
647.691
633.561
619.592
606.515
594.419
582.864
572.559
562.901
553.903
545.803
537.091
528.469
517.847
508.825
500.544
492.41
484.461
476.883
469.127
461.754
454.72
448.277
442.045
435.734
430.229
424.887
419.942
415.76
411.245
407.514
403.912
400.856
398.23
396.238
394.835
393.75
392.034
390.307
388.208
386.794
384.553
382.345
379.381
377.146
374.778
371.899
370.177
367.543
364.905
363.015
360.11
358.423
356.092
354.814
352.929
351.464
350.042
348.41
346.738
345.055
343.884
342.231
340.878
340.236
338.999
337.799
336.9
336.013
334.837
334.384
333.431
332.632
331.839
330.925
330.171
329.085
328.709
327.577
326.981
325.994
325.498
324.5
323.929
323.18
322.352
321.373
320.468
318.947
317.989
316.871
315.722
314.708
313.351
312.011
310.784
309.53
308.395
307.188
306.38
305.411
304.361
303.78
302.456
301.448
300.346
299.323
298.246
297.234
296.296
295.637
294.631
293.939
292.949
292.31
291.502
290.157
289.566
288.831
287.731
286.779
285.535
285.042
283.627
282.913
282.038
281.186
280.21
279.464
277.786
277.372
276.157
275.876
274.561
274.424
273.547
272.608
272.604
271.864
271.877
270.648
270.708
269.834
269.649
269.503
268.814
268.749
268.316
268.759
268.648
268.893
268.721
269.007
269.177
269.272
269.656
269.744
270.265
270.295
271.153
271.193
272.065
271.85
272.856
272.12
272.967
273.079
273.859
273.982
274.924
274.906
275.858
275.313
276.239
275.874
276.725
277.44
278.323
278.682
279.439
279.397
280.235
280.076
280.367
281.079
281.861
282.096
282.921
283.123
284.101
284.488
284.847
285.05
285.96
286.066
286.115
286.497
287.264
287.159
287.736
288.139
288.173
288.792
288.878
288.851
289.54
289.521
290.137
289.971
290.171
289.923
290.407
290.177
290.395
290.588
290.917
290.67
290.799
290.854
291.041
291.091
290.956
290.783
290.711
290.626
290.725
290.362
290.386
290.353
290.272
290.495
290.117
290.228
289.77
289.643
289.622
289.227
289.242
288.881
288.937
288.726
288.561
288.52
288.189
288.067
287.882
287.516
287.303
286.943
286.801
286.423
286.045
285.829
285.42
285.309
284.879
284.793
284.355
284.184
283.747
283.563
283.178
282.95
282.693
282.311
282.092
281.642
281.567
280.902
280.602
280.501
279.845
279.505
279.207
278.943
278.3
278.214
277.508
277.04
276.669
276.366
275.685
275.296
274.69
274.394
273.74
273.315
272.722
272.495
271.813
271.621
270.858
270.659
269.879
269.67
268.916
268.715
268.009
267.735
267.003
266.789
266.051
265.828
265.104
264.698
264.211
263.949
263.228
263.048
262.271
261.829
261.643
260.814
260.333
260.02
259.4
258.947
258.696
257.964
257.508
257.23
256.494
256.211
255.714
255.337
254.76
254.347
253.945
253.346
253.013
252.553
251.906
251.486
250.954
250.261
249.942
249.417
248.968
248.397
247.906
247.315
246.801
246.306
245.723
245.21
244.783
244.264
243.61
243.097
242.495
241.829
241.293
240.722
240.146
239.636
239.049
238.477
237.926
237.385
236.79
236.218
235.667
235.209
234.711
234.219
233.708
233.224
232.765
232.412
231.889
231.455
230.902
230.352
229.894
229.456
228.882
228.342
227.807
227.414
227.052
226.53
226.038
225.53
225.077
224.594
224.169
223.697
223.173
222.676
222.219
221.753
221.206
220.741
220.184
219.639
219.165
218.574
217.963
217.412
216.846
216.309
215.695
215.122
214.551
213.936
213.28
212.729
212.056
211.34
210.599
209.825
209.046
208.242
207.381
206.527
205.854
205.041
204.34
203.492
202.698
201.911
201.245
200.24
199.543
198.595
197.96
196.954
196.265
195.453
194.591
193.966
193.202
192.582
191.729
191.107
190.273
189.635
188.846
188.244
187.421
186.723
185.997
185.34
184.634
184.01
183.336
182.805
182.104
181.535
180.837
180.204
179.513
178.837
178.315
177.629
176.996
176.409
175.808
175.193
174.482
173.988
173.364
172.766
172.101
171.541
170.859
170.531
169.883
169.503
169.157
168.791
168.404
168.073
167.745
167.455
167.164
166.843
166.51
166.295
166.011
165.693
165.356
165.175
164.831
164.551
164.198
163.842
163.585
163.207
162.967
162.573
162.356
161.946
161.618
161.207
160.88
160.287
159.968
159.448
159.112
158.804
158.214
157.8
157.46
156.875
156.535
155.885
155.417
155.072
154.286
153.948
153.523
152.988
152.665
152.328
151.787
151.477
150.847
150.362
150.002
149.452
149.051
148.364
148.002
147.556
146.944
146.508
145.587
145.011
144.507
143.882
143.39
142.377
141.612
141.073
140.443
139.743
139.124
138.326
137.759
136.986
136.181
135.525
134.682
133.933
133.231
132.604
132.142
131.374
130.873
130.366
129.798
129.25
128.739
127.951
127.478
126.93
126.462
125.994
125.566
125.263
124.779
124.34
124.011
123.581
123.168
122.768
122.293
121.964
121.565
121.196
121.009
120.514
120.149
119.745
119.397
118.892
118.463
118.2
117.672
117.161
116.722
116.241
115.663
115.16
114.421
113.866
113.259
112.687
111.927
111.265
110.704
110.102
109.67
109.265
108.739
108.302
107.908
107.341
106.899
106.516
105.926
105.397
105.037
104.53
104.119
103.764
103.224
102.616
102.279
101.788
101.227
100.669
100.096
99.599
99.0339
98.4719
97.8685
97.4283
96.934
96.4629
95.8705
95.424
94.9231
94.4961
93.8919
93.4799
92.8323
92.4709
91.8651
91.365
90.8992
90.4995
89.8982
89.3434
88.6787
88.1766
87.6518
87.1387
86.7292
86.0666
85.551
84.8051
84.3602
83.8614
83.3092
82.6718
82.1715
81.695
81.132
80.5409
79.9691
79.5157
78.7661
78.2078
77.5453
77.0262
76.4746
75.932
75.2304
74.7015
74.068
73.5743
72.9097
72.269
71.7304
71.194
70.7738
70.1312
69.5202
69.0302
68.4901
68.0783
67.5727
67.0068
66.5357
65.9958
65.593
65.0821
64.6029
64.0674
63.6707
63.0831
62.6368
62.1121
61.6465
61.2165
60.77
60.3867
59.8966
59.4584
58.9177
58.6828
58.0954
57.6822
57.2907
56.7134
56.284
55.8946
55.6384
55.1103
54.5981
54.1394
53.7603
53.3671
52.9083
52.4971
51.9495
51.6636
51.265
50.9213
50.564
50.2054
49.7209
49.2756
48.8716
48.5404
48.1376
47.7287
47.3246
46.9954
46.5557
46.2126
45.7982
45.5144
45.1955
44.6246
44.2502
43.8357
43.4528
42.9956
42.6004
42.1239
41.6651
41.2667
40.8198
40.7828
40.0606
39.6151
39.2482
38.7876
38.508
38.0016
37.6896
37.3885
36.7932
36.3508
35.9327
35.7117
35.12
34.6783
34.2188
34.0082
33.7819
33.4603
33.1363
32.5924
32.1354
31.7716
31.2713
30.8524
30.4912
30.0138
29.9195
29.3352
29.1139
28.8509
28.2756
27.9469
28.0584
27.3785
27.2379
26.9569
26.6918
26.2394
26.1905
25.5953
25.3494
25.271
24.9582
24.7285
24.1629
24.0683
23.5539
23.4165
22.8087
22.7989
22.5356
22.2762
21.9548
21.769
21.3527
21.0879
21.1496
20.7338
20.4137
20.4216
19.8495
19.6933
19.8572
19.373
19.1129
18.9977
18.6466
18.4607
18.3107
17.8341
17.8902
17.5639
17.3252
17.1814
16.8466
16.6832
16.2251
16.0223
16.1204
15.6249
15.7392
15.2188
15.3619
14.8715
14.8464
14.4427
14.5299
14.0608
13.9084
13.7386
13.3477
13.2281
13.0111
13.0378
12.7508
12.6863
12.5252
12.2563
12.1327
12.0604
11.8716
11.5854
11.5257
11.2023
11.2862
10.9401
11.1393
10.7034
10.7306
10.4363
10.5063
10.1025
10.1995
10.1179
10.1075
9.719
9.78646
9.62906
9.71192
9.41116
9.1736
9.25632
9.23292
9.08692
8.94627
8.85042
8.94835
8.74983
8.45961
8.45993
8.5735
8.4178
8.18076
8.20248
7.90443
7.89995
7.74423
7.85465
7.74128
7.83996
7.48993
7.45847
7.50183
7.3779
7.38681
7.37649
7.05539
7.19231
7.12378
6.90598
7.05807
6.78971
6.75732
6.84063
6.5559
6.59847
6.43903
6.6845
6.33102
6.29954
6.29259
6.25213
6.13658
6.32798
6.03004
6.25468
6.30434
6.36199
5.88876
5.98301
5.95361
5.82922
6.1391
5.74426
5.86258
5.89599
5.66535
5.65706
6.15926
5.77375
5.51419
5.63601
5.60486
5.57913
5.44434
5.53383
5.46006
5.52274
5.27688
5.51587
5.48048
5.31266
5.49801
5.24922
5.09393
5.06167
5.38788
5.17043
4.90423
4.90474
4.98169
4.92821
4.78309
4.90507
4.85038
4.70552
4.91184
4.67559
4.56462
4.60514
4.56557
4.44342
4.34238
4.4785
4.29159
4.44453
4.24152
4.32336
4.46412
4.32118
4.1391
4.08889
4.27918
4.05253
4.24312
3.98603
4.18514
3.9413
3.9201
3.98959
3.83389
3.8653
3.82264
3.75583
3.77273
4.05313
3.6798
3.68746
3.84197
3.57912
3.64262
3.69786
3.47682
3.62478
3.53456
3.40165
3.62215
3.34267
3.41313
3.32176
3.28976
3.36164
3.19367
3.15155
3.28825
3.08075
3.09538
3.10596
2.98507
2.97358
3.08078
2.94848
2.96026
3.03108
2.83303
2.96881
2.94119
2.77059
2.77398
2.79311
2.90692
2.82905
2.68039
2.65648
2.76509
2.69179
2.71497
2.58082
2.68845
2.66115
2.57491
2.66316
2.52304
2.50399
2.67783
2.55045
2.43238
2.49757
2.45712
2.6728
2.36599
2.64312
2.31789
2.41542
2.42859
2.46404
2.34406
2.46526
2.31069
2.23541
2.26307
2.28902
2.55551
2.21264
2.24525
2.34987
2.18708
2.25695
2.31303
2.28565
2.32843
2.20076
2.14731
2.27393
2.37055
2.14257
2.11326
2.18509
2.38909
2.1283
2.42133
2.13545
2.32534
2.1973
2.15943
2.12603
2.23202
2.11154
2.08018
2.07261
2.258
2.1008
2.05525
2.09086
2.09794
2.04611
1.99865
2.12945
2.29368
2.05144
2.08254
1.97942
1.99174
2.0213
2.09953
2.00125
2.03323
2.17553
2.00002
1.96178
1.9592
2.07162
2.05298
1.98277
1.91998
1.89755
1.98877
2.26059
1.92294
2.12182
1.89778
2.02648
1.92243
1.87054
1.84224
1.84854
1.8562
2.24685
1.85836
1.97327
1.90163
2.05895
1.83254
1.80272
1.845
2.1141
1.7838
1.74879
1.7315
2.20963
1.75886
1.76503
1.8117
1.73337
1.79191
1.87629
1.6877
1.67114
1.77899
1.92686
1.69741
1.85548
1.85652
1.6593
1.70758
1.80298
1.61331
1.58709
1.78201
2.01613
1.74003
1.59812
1.82484
1.66159
1.71451
1.64118
1.57583
1.78612
1.57084
1.57307
1.52546
1.55415
1.61412
1.69268
1.62027
1.625
1.55912
1.53829
1.66685
1.48956
1.55453
1.67733
1.63275
1.71103
1.48122
1.43148
1.51623
1.69052
1.47091
1.55924
1.52749
1.54633
1.64636
1.46077
1.39094
1.39217
1.65975
1.47377
1.64022
1.5107
1.64674
1.52323
1.63357
1.40402
1.36183
1.68058
1.37203
1.31149
1.58094
1.47858
1.29483
1.71574
1.38684
1.3658
1.3108
1.72205
1.32196
1.39762
1.53989
1.47333
1.4489
1.32867
1.49633
1.29704
1.37506
1.35955
1.26343
1.28725
1.50142
1.36538
1.4191
1.29541
1.29454
1.22716
1.25999
1.48274
1.41771
1.25612
1.21026
1.32092
1.36917
1.75119
1.33673
1.47586
1.33244
1.32656
1.21872
1.19133
1.5418
1.49471
1.27141
1.29816
1.21779
1.26087
1.7074
1.174
1.45678
1.19243
1.15182
1.1839
1.32044
1.31032
1.5083
1.25009
1.13888
1.12852
1.28245
1.15297
1.10692
1.212
1.11728
1.47376
1.09939
1.18211
1.40399
1.27002
1.20682
1.12809
1.0661
1.24193
1.09621
1.55061
1.05416
1.77138
1.10939
1.47111
1.06548
1.06483
1.17678
1.17395
1.4248
1.14203
1.24801
1.1118
1.34659
1.09303
1.0132
1.59668
1.05978
1.52586
1.15128
1.10362
1.26758
1.22675
1.31714
1.16671
1.21731
1.16216
1.04809
1.36459
1.02612
1.05184
1.12101
1.29506
1.21045
1.31627
1.16823
1.30035
1.06814
1.08406
1.21473
1.33838
1.12223
1.20714
1.08463
1.01618
1.28846
1.1989
1.18644
1.01587
1.05277
1.39512
1.13179
1.14168
1.17582
1.06936
1.0102
1.50275
1.04907
1.19757
1.03443
0.998511
0.991627
1.08483
1.09217
1.25927
1.102
1.1811
1.08057
1.13705
1.12667
1.11624
1.33162
1.12186
0.999821
1.04609
0.999634
1.08905
1.14065
1.05875
1.05288
0.994359
0.995102
1.06276
1.37583
1.00775
1.05827
1.25527
1.04711
1.38408
1.03456
0.983797
1.01447
1.70206
1.10417
0.986674
0.990065
1.08012
1.12826
1.25311
1.11357
1.06809
1.11031
1.0957
1.33851
1.02207
1.0029
1.04685
1.45372
1.00737
1.09774
1.03668
1.20194
1.17715
1.06291
1.00583
1.05656
0.977151
0.997613
0.999573
1.1451
1.09721
1.10534
1.09275
1.0249
1.14411
0.951637
0.956322
1.01865
1.18188
1.01445
0.994124
1.07843
1.26012
1.01737
1.01301
0.941903
1.56722
1.02366
0.928531
0.970336
1.06343
1.50249
0.934207
0.933895
1.55613
0.953951
0.934827
1.26259
1.1058
1.1886
0.935906
0.970311
1.02
1.13616
1.21049
1.02912
0.940966
1.45142
1.07931
1.06662
1.18082
0.939731
0.923605
1.10869
1.01402
0.915447
1.00751
1.2251
0.976082
1.13233
1.43805
0.936321
0.914261
0.982214
1.56146
0.921484
0.915905
0.994297
1.63366
1.05482
1.2486
0.942567
0.960021
1.27008
1.03223
1.14067
0.925888
1.3126
1.04918
0.928889
0.922053
0.920458
1.39516
1.30129
1.09138
1.19701
1.04881
0.978505
1.36976
0.920967
1.02718
0.98389
1.30365
0.927394
0.896811
0.990788
0.922082
1.81496
1.018
1.13582
1.04873
0.94112
1.18576
0.967835
0.939842
0.900107
1.17965
0.985991
0.929725
1.1383
0.980671
0.973476
0.87531
0.912159
0.95402
1.25215
0.989516
0.980605
1.01916
0.912402
1.22337
0.924095
1.05643
0.956802
0.956183
1.25725
0.875443
0.897208
0.888233
1.79853
0.958121
1.16578
0.979698
0.937961
0.891108
0.967369
0.9285
1.07737
0.87237
0.901962
0.922739
0.902946
1.10309
0.942291
0.923666
0.900341
1.51844
1.11394
0.986264
1.04088
0.979564
0.894729
0.897913
0.982943
1.22533
0.990808
1.03537
0.916012
0.900587
0.905337
1.45738
0.890911
1.09748
0.877083
1.03277
1.04052
1.02074
1.0028
1.07282
1.0013
0.956223
0.929486
0.927679
0.961485
0.867644
0.846465
1.15667
1.04018
1.12839
0.988403
0.955423
1.18833
1.13681
0.860857
1.08732
0.884689
1.1696
0.948592
1.0543
0.950902
0.859027
0.89292
1.90869
0.860542
0.83774
0.870718
0.860886
1.18627
1.044
1.09171
1.00571
1.25866
0.930047
0.99038
0.875126
0.871298
1.10297
1.08973
0.854706
0.94738
0.890216
0.909886
0.904563
1.47886
1.01883
0.940542
1.17574
0.926729
1.03695
0.959967
1.16527
0.900235
0.952213
0.892315
0.860368
0.991367
0.916656
1.10584
1.26343
0.946598
1.15335
0.852464
1.0691
0.926983
0.915576
0.846001
1.23584
0.89069
0.840386
1.13662
0.934019
1.09959
0.94735
0.982511
0.943845
1.61437
0.846235
1.11994
0.952328
1.01137
0.893832
0.831652
0.888613
0.911852
1.59432
1.10346
1.10601
1.0601
0.891867
1.07346
0.892556
0.828376
0.923638
0.926211
1.08987
0.858695
1.13809
0.885731
1.07879
1.08438
0.946616
0.865314
1.15638
0.908483
0.830152
0.841041
0.858432
1.53794
1.04304
0.937149
0.866859
0.830252
0.83356
0.961623
1.29508
0.898826
0.984568
1.43242
0.827274
1.08172
1.07155
1.01409
1.40956
0.795731
0.872313
0.879163
0.922549
0.925629
0.929416
0.88243
0.837769
1.13406
0.950362
0.969121
1.15303
1.43264
0.821037
0.789554
1.03696
0.948289
1.44028
0.776768
0.758504
0.804034
1.54585
1.06312
0.908145
0.923263
1.38241
0.932602
0.778796
0.944885
0.782033
1.05402
2.01734
0.872098
1.80905
0.811434
1.43242
0.963799
0.951154
1.31261
0.833186
1.25946
0.782371
0.784088
0.76902
1.0889
0.804584
0.806742
1.28803
1.00042
0.900283
1.504
0.76965
0.749152
0.972818
1.27993
0.784416
0.874363
1.23252
0.770711
1.4385
0.977603
1.04654
1.02952
0.892032
0.971405
1.18438
0.994787
1.1345
0.751467
0.909883
0.753141
0.943413
1.05178
1.28242
0.746073
1.23493
0.761642
0.861918
1.35232
0.733221
0.73703
1.70384
0.82644
1.2151
0.982559
1.00677
0.742426
0.968087
0.987576
0.854104
0.925444
1.06154
0.953251
1.00061
0.789748
0.760479
0.702724
1.45217
0.994096
0.911056
0.798817
0.769059
0.831882
1.22874
1.06655
0.773094
1.39876
0.702246
0.691376
0.753589
1.56001
0.69948
1.19333
0.839807
0.913939
0.890143
1.18243
0.749249
1.41397
0.726448
1.0552
0.738418
0.807142
0.801895
0.863384
1.13815
0.879835
0.779266
0.767964
1.00247
0.969216
0.783945
0.871111
0.701276
0.662297
1.12175
1.07936
0.839254
1.09581
0.769573
0.877372
0.766425
1.00158
0.799561
0.873307
0.805741
0.946171
0.762064
0.738009
1.11998
0.961053
0.686635
0.728937
0.743145
0.968694
0.907959
0.768341
0.8999
0.878685
0.714595
0.890447
0.958281
0.65019
0.672003
0.631826
0.695513
0.621006
0.657327
0.778407
1.7272
0.735778
1.45449
0.688755
0.842326
0.818768
0.945685
0.883645
0.71784
0.813742
0.604648
0.623707
0.688644
2.04905
0.620712
1.09431
0.862109
0.848853
1.03635
0.651451
1.33626
0.702905
0.5812
0.602444
0.586129
2.057
0.706938
1.1329
0.760309
1.18807
0.6727
0.59188
0.918106
1.02092
0.951122
1.14971
0.62645
1.45784
0.675072
1.38594
0.619717
1.16779
0.637829
0.563551
0.758165
1.17094
1.0154
0.974917
0.693626
0.80197
1.28842
0.643475
0.925398
1.03942
0.84316
0.704478
1.27747
0.984396
0.649703
1.64769
0.618777
1.42417
0.706467
1.32783
0.696293
0.99433
1.03657
0.855235
0.969496
1.05357
0.585372
0.641267
0.531708
1.15541
1.13393
1.04507
0.75409
0.663571
0.714616
0.770464
0.670623
1.14269
0.683009
1.05
0.635079
1.25844
0.692938
0.553849
0.579332
1.27254
0.650061
0.849148
0.915182
0.641206
0.550065
1.27336
0.552876
0.951145
0.585803
0.92344
0.688329
0.907672
0.778923
0.718063
1.17444
0.623416
0.741872
0.772644
0.777453
0.980306
0.524401
0.552569
0.57789
1.32695
0.864932
1.06823
0.823133
0.670802
1.01063
0.908628
1.34949
0.741877
1.13193
0.599215
0.854389
0.684108
0.658938
1.60676
0.927289
0.719845
0.990967
0.5971
0.97024
0.998374
0.723964
0.789284
0.617532
0.517156
0.846235
0.952076
0.799885
1.38945
0.790143
0.553105
0.984705
1.15221
0.663613
1.37372
0.878161
0.654235
0.812942
0.890438
1.28981
0.617599
0.7161
1.24558
0.604626
1.19503
0.623283
0.537776
0.910557
0.739657
0.971976
1.27385
0.834752
0.889763
1.28868
0.568813
0.54776
0.600463
0.826992
0.860137
0.691021
0.801635
0.58243
0.83905
0.753763
0.67625
1.28683
0.663714
0.736209
0.551307
0.491539
1.23761
0.50319
1.58228
0.736812
0.454341
1.27427
0.846355
0.627913
1.59033
0.585385
0.629982
0.766402
0.680384
1.00648
0.46108
1.5131
0.545216
0.767044
0.589002
0.452269
0.964838
0.913997
0.893754
0.880454
0.516442
0.703481
0.59175
0.623696
1.22647
0.489074
0.720434
0.771511
1.18068
0.612774
0.585064
1.09968
0.672131
0.980635
0.52021
0.987987
0.506541
0.974547
0.512506
1.23376
0.693221
0.609402
0.974629
0.517701
0.978517
0.803903
0.599399
1.31557
0.752191
0.848982
0.83962
1.01031
0.507068
1.26334
0.635251
0.898739
0.554274
0.453687
0.548319
1.15999
0.77902
0.704919
0.644886
1.27238
0.579898
1.27643
0.565694
0.472336
1.77102
0.435784
0.412562
1.11565
0.692604
0.51154
1.24804
0.794368
0.972692
0.892116
0.84783
0.900512
0.547269
1.45148
0.529046
0.776179
1.06168
0.702648
0.802106
0.698531
0.561881
0.880567
0.878229
0.849103
0.834024
0.57073
0.814614
0.849918
0.699848
0.610176
0.853107
0.543532
1.21332
0.705363
0.616397
1.10009
0.614474
1.39856
1.04321
0.484529
1.05263
0.402291
0.405424
0.609664
0.739678
1.13564
0.614211
1.21755
0.592026
0.685115
0.448433
1.09755
0.56562
0.45551
1.20279
0.69026
0.857257
0.522443
0.530269
1.48208
0.430469
0.774615
0.82898
0.794697
0.791164
0.549079
0.525874
0.853195
0.532659
0.558317
0.788921
0.469113
0.562492
0.49046
0.479282
1.01859
0.671631
0.596521
0.90167
0.817181
0.781879
0.881201
0.462491
0.821011
1.06917
0.546611
0.456009
0.883501
0.387468
1.44108
0.456149
1.05629
0.598669
0.377395
1.47844
0.470718
1.00532
0.409553
0.525433
0.340523
0.339426
1.20313
0.468598
1.27207
0.440768
0.726978
0.773712
0.867904
0.70993
0.329606
0.413436
0.655461
0.424548
1.11886
0.590897
0.930739
0.441087
1.1383
0.471848
0.323303
0.315641
0.861598
1.45501
0.675503
0.989875
0.84575
0.414129
1.18513
0.661784
0.74143
0.31723
0.801895
0.446065
1.30736
0.337379
0.685329
0.544569
0.942366
0.506691
1.05891
0.311103
0.340373
1.23853
0.639511
1.16197
0.770672
1.12518
0.466154
1.03226
0.527548
0.652003
0.349963
0.438933
1.277
0.749475
0.605199
0.743061
1.07016
0.611879
1.05787
0.378984
0.371253
1.5865
0.593063
0.479802
0.315511
1.21135
0.332693
0.625634
0.280725
0.958048
0.655587
0.820204
0.485384
1.4133
0.388654
0.699083
0.513244
0.554294
0.89117
0.719031
0.762403
0.724339
0.286004
0.934554
0.558077
0.372927
0.845581
0.54506
0.372962
0.700003
0.831635
0.366375
0.832084
0.728998
0.646934
0.497742
0.309746
0.730014
0.610256
0.302401
0.28315
0.987597
0.645074
0.556354
0.4123
0.240517
0.450633
0.344725
1.90304
0.897503
0.346824
0.261648
0.293455
0.907037
0.445668
1.31469
0.300778
0.669457
0.374129
1.00239
0.300378
0.67549
0.430089
0.318346
0.399131
0.852935
0.451613
0.452219
1.21712
0.431359
1.05393
0.558635
0.434163
0.612716
0.313015
0.460278
0.361781
0.607246
0.703356
0.321977
0.227624
0.884441
0.782822
0.256899
0.842282
0.2176
0.202917
1.15732
0.608318
0.527621
0.342837
1.13457
0.291128
0.253137
1.24742
0.420289
1.00191
0.469907
0.675756
0.522244
0.683931
0.210118
0.206551
0.566118
0.762194
0.225539
0.608436
0.496842
0.242327
0.237337
0.701872
0.799792
0.31252
0.98563
0.216309
0.279277
1.26262
0.282104
1.02595
0.285594
0.442258
0.791408
0.315836
0.529003
0.264961
0.733729
0.390498
0.521817
0.284084
0.927066
0.148846
0.130938
0.25205
1.41932
0.344964
0.35312
1.3092
0.25716
0.715675
0.547598
0.152698
0.162693
0.533624
0.972905
0.258943
0.563494
0.312867
0.39955
0.147894
0.125427
0.247991
0.328389
1.0756
0.468282
1.10246
0.511405
0.230696
1.34863
0.503736
0.61366
0.135221
0.725738
0.122188
0.269217
1.34363
0.501396
1.34128
0.959528
0.611977
0.510605
0.956684
0.38524
1.10645
0.264092
0.718341
0.264114
0.43475
0.458984
0.142481
0.132602
0.936928
0.541799
1.09924
0.285738
0.239413
1.44236
0.694477
0.428128
1.28406
0.540412
0.557321
1.35754
0.560283
0.733395
0.940732
0.313907
0.367391
0.493908
0.741006
0.307233
0.296001
0.403093
0.098722
0.164522
1.44968
0.294425
0.333115
0.994871
0.224713
0.149343
1.46853
0.821788
0.472702
0.145299
0.968796
0.502943
1.17506
0.421606
1.01623
0.419845
0.69814
0.659189
0.296593
0.690489
0.304075
0.479308
0.757456
0.530142
0.362802
0.263647
1.07141
0.572922
0.66003
0.294812
0.0858699
0.672135
0.720842
0.625815
0.169395
0.64324
0.203045
0.414361
0.762404
0.492635
0.428084
0.303055
0.353733
0.862696
0.37464
0.606493
0.469715
0.505317
0.233804
0.901874
0.168213
0.0817541
0.526351
0.234682
0.741806
0.240149
0.118057
0.849511
0.450134
0.794173
0.449817
0.481988
1.02272
0.332697
0.836999
0.170495
0.136835
0.98166
0.655154
0.501326
0.917034
0.383115
0.881135
0.216728
0.525624
0.590807
0.436158
0.147379
0.0781224
0.0547272
0.157939
1.00812
0.406494
0.485964
0.689058
0.443217
0.254981
0.582175
0.20103
0.742402
0.249246
1.27753
0.281118
0.977268
0.298675
1.07984
0.244448
0.891374
0.207135
0.258759
0.11922
0.0556627
0.0920363
0.771303
0.961293
0.293029
1.17908
0.311974
0.87537
0.674833
0.932954
0.685478
1.35065
0.56111
0.757742
0.562383
0.273677
0.664769
0.319249
0.0655579
0.0992163
1.18463
0.591731
0.998626
0.402894
0.826741
0.368326
0.740899
0.198066
0.688989
0.0764416
0.0940495
0.597702
0.832739
0.224392
0.585854
0.236795
0.403552
0.730176
0.465546
0.507043
0.809484
0.630971
0.266855
0.569162
0.640342
1.09695
0.61551
0.963694
0.627176
1.00582
0.426378
1.15653
0.344575
0.478169
0.887083
0.323379
0.907562
0.301208
0.409387
0.907384
0.423066
0.706936
0.590351
0.495744
0.280845
0.994388
0.577513
1.0938
0.347343
1.19151
0.410111
1.49732
0.324637
0.838512
0.488601
0.924991
0.812466
0.532587
1.06906
0.324899
0.214857
1.75685
0.240899
0.857973
0.395716
1.22644
0.2712
0.604511
0.290663
0.464363
0.680301
0.507558
0.382961
0.0867533
0.198781
0.178285
0.512697
0.55407
0.908173
0.232663
0.618515
0.255859
0.414255
0.588978
0.701969
0.235098
0.903519
0.165012
0.305748
0.288624
0.359875
0.517177
0.265471
0.161357
0.0796045
0.161115
0.919576
0.0836563
0.609657
0.862879
0.476811
0.910458
0.436608
0.636526
0.202698
0.832607
0.264004
1.13305
0.459219
0.667238
0.218459
0.914456
0.677557
1.03309
0.268318
0.455458
0.559415
0.954754
0.60408
0.836369
0.496527
0.743461
0.507701
0.503025
0.347788
0.859235
0.114171
1.03645
0.494222
0.83618
0.495291
0.975316
0.317403
0.564117
0.49361
0.736781
0.634096
0.623843
0.596393
0.186549
0.676862
0.440334
0.771606
0.370457
0.809057
0.20181
1.07081
0.152417
0.066375
0.191815
1.28681
0.194849
0.667779
0.805307
0.523183
0.555911
0.288801
0.707831
0.180017
0.207545
1.07202
0.522157
1.16802
0.542617
1.00061
0.227587
0.68196
0.670648
0.489723
0.74766
0.726228
0.6024
0.927132
0.424165
0.982426
0.35969
0.786109
0.423456
1.06874
0.747548
0.830565
0.831209
0.200323
0.122885
0.283145
1.04196
1.01171
0.923521
0.602639
1.06795
0.343409
0.522698
0.69389
0.580878
0.50082
0.349698
1.13785
0.803157
0.788143
1.03883
0.381625
0.276799
1.30803
0.448382
1.22037
0.314216
1.38834
0.548878
0.946828
0.514994
0.898969
0.437975
1.06458
0.704703
0.272835
1.42682
0.308835
0.275343
0.491655
0.738038
0.444133
0.39656
0.406638
0.366832
0.618212
0.538635
0.430399
0.37123
0.65813
0.22985
0.241755
0.811268
0.180026
1.10512
0.442219
0.569775
0.415033
0.98793
0.537472
0.988321
0.722791
0.197302
1.7983
0.573436
1.31553
0.5912
1.05915
0.292091
1.3374
0.215442
0.90296
0.202441
0.967295
0.56376
1.06806
0.560468
0.862979
0.568679
1.00762
0.354346
0.222492
0.832629
0.137566
1.05829
0.256757
0.931443
0.15819
0.424045
0.80993
0.548681
0.348247
0.1625
0.734321
0.635184
0.262677
1.43356
0.801067
0.22274
1.25818
0.127954
1.57401
0.167943
0.911451
0.244736
1.44704
0.646329
0.740598
0.819911
0.540346
0.707724
0.562124
0.749249
0.532244
0.566537
0.597626
0.219842
0.965852
0.26669
0.226914
0.905152
0.408822
0.275616
0.318984
0.609238
0.137003
0.636632
0.353062
1.00857
0.181781
0.650335
0.658142
1.01113
0.2436
0.523996
0.447215
1.12254
0.364821
0.463965
0.877165
0.241902
0.876579
0.578612
0.408372
1.26549
0.398632
0.188704
0.550259
0.314373
0.826412
0.135111
0.105834
1.01234
0.189936
1.34013
0.122151
0.346886
0.694491
0.938443
0.552374
0.751973
0.403016
0.865379
0.447139
0.248551
0.162055
0.145554
1.33083
0.290568
0.927502
0.245138
0.911057
0.111314
0.704508
0.556678
0.596881
0.588459
0.677986
0.459155
0.277909
0.257331
0.487292
1.11361
0.381799
0.728767
0.337315
0.44645
0.562876
1.13159
0.231051
1.06601
0.205241
0.791851
0.16899
0.891149
0.174166
0.135598
0.72751
0.239234
0.403785
0.333244
1.11292
0.287887
0.586816
0.297514
0.604532
0.815719
0.60549
0.270371
0.395143
0.522222
0.628054
0.692791
0.569381
0.254942
0.442394
0.491856
1.03806
0.368611
0.245668
0.761696
0.491613
0.522366
0.308761
0.686407
0.207475
0.842785
0.427012
0.387536
0.544827
0.175102
0.481941
0.516641
0.981608
0.134404
0.926937
0.522271
0.644342
0.628783
0.220959
0.120179
0.112803
0.102606
0.216685
1.38382
0.212776
0.332915
1.26379
0.241496
0.627281
0.402204
0.149721
0.203895
0.45516
1.36237
0.490064
0.488111
1.0378
0.540066
0.892465
0.384553
0.752778
0.328736
0.671926
0.749593
0.380834
0.629238
0.255221
0.61413
0.645387
0.864133
0.217947
0.780036
0.283726
1.13733
0.324179
0.943641
0.312962
0.780797
0.59334
0.295929
1.08517
0.224629
0.279286
0.126426
0.166875
0.684077
0.594459
0.390942
0.408091
0.851442
0.428967
0.775634
0.277769
0.479425
0.917608
0.299503
0.525084
0.401322
0.285436
0.180821
0.187694
0.153546
0.707362
0.513822
0.970956
0.238764
0.726899
0.149696
0.572351
0.13768
0.115797
0.0943318
0.140679
0.587444
0.985299
0.424662
1.23904
0.360693
0.51894
0.858045
0.545253
0.644077
0.433583
0.837577
0.189299
0.670585
0.139477
0.11933
0.134874
0.0883939
0.277401
1.44987
0.668499
0.874283
0.857188
0.909304
0.397145
0.859016
0.314626
0.878692
0.12085
0.09803
0.717529
0.552136
0.42282
0.859086
0.291937
1.05479
0.265208
0.444862
0.717546
0.496114
0.474555
0.269495
0.38244
0.592071
0.319147
0.314904
0.366128
0.552764
0.18089
0.712077
0.143088
0.586636
0.177117
0.725874
0.988792
0.947004
0.206423
0.492967
0.565352
0.895131
0.438007
0.856813
0.311677
0.636874
0.402514
0.0618163
0.0890055
0.55184
1.2647
0.200965
1.62604
0.26349
1.27574
0.225468
0.129857
0.944386
1.22383
0.351541
1.21982
0.401258
0.815223
1.01354
0.899037
1.04014
1.01021
0.926129
1.00839
0.549933
1.1487
0.865839
0.999577
0.805823
0.80536
0.864791
0.728351
0.894531
0.491039
0.869202
0.611661
0.180782
0.911453
0.621839
0.635311
0.744113
0.311476
0.340769
0.715723
0.70512
0.50433
1.19948
0.470343
1.03617
0.558496
0.819364
1.08914
0.796692
0.930068
0.744355
0.917401
0.801557
0.767671
0.770649
0.712484
0.73245
0.73817
0.182322
0.162036
1.1143
0.470289
0.952349
0.318103
0.2667
0.341737
0.420621
0.210463
1.48518
0.149447
0.963975
0.172087
0.741943
0.197513
1.09778
0.488062
0.456794
1.34259
0.429927
0.616568
0.331331
0.369585
0.475573
1.01718
0.515943
0.803088
0.80562
0.461177
0.355965
1.22415
0.16989
0.172843
0.923369
0.563688
0.409623
1.3324
1.06919
0.672087
0.594608
1.11639
0.391464
0.234157
0.494165
0.843374
0.739915
0.46747
1.11432
0.398401
0.282899
0.968318
0.970476
1.15289
0.86761
0.81418
0.360354
0.227521
0.49573
0.298638
0.623385
0.914294
1.25208
0.234922
0.587329
0.370951
0.280605
0.898751
0.332847
0.477939
0.553111
1.08063
0.529673
0.814054
0.713675
1.12981
0.471333
0.159877
0.92006
0.762177
0.922723
0.774589
0.825686
0.738039
0.809717
0.690199
0.748111
0.482185
0.638641
0.760929
0.447463
0.507034
0.850402
0.516574
0.575815
0.31311
0.795193
0.434276
0.418779
0.309177
0.646207
0.147896
0.753363
0.11808
0.137425
0.492202
0.389428
0.514542
0.116799
0.477798
0.800863
0.330289
0.119518
0.690069
0.530898
0.511421
0.562997
0.883525
0.498986
0.293125
0.892872
0.207606
0.128887
0.650566
0.176352
1.00576
0.627499
0.584168
1.19129
0.363834
0.793154
0.478756
0.40765
0.718706
0.752982
0.674959
0.399863
0.66249
0.370087
0.731249
0.321149
0.188281
0.244041
0.918987
0.372187
0.701443
0.20196
0.894651
0.204533
0.568602
0.750491
0.326365
0.780171
0.21729
0.289934
0.983698
0.566582
0.713501
1.41125
0.418761
0.603051
0.738299
0.362529
0.570043
0.572933
0.927328
0.504301
0.702313
0.29418
0.317857
0.661558
0.834952
0.454984
0.419826
0.495311
0.438472
0.653757
0.575877
0.738849
0.179021
0.707025
0.175156
0.882229
0.186496
0.66391
0.95331
0.340018
1.2404
0.254246
0.389322
0.749626
0.98377
0.693322
0.79852
0.700485
0.153694
0.249901
0.281688
0.670053
0.785058
0.449917
1.0982
0.172979
0.0957089
1.08685
0.48155
0.17657
0.428928
0.417545
0.544963
1.32192
0.499247
1.02306
0.648494
0.668195
0.262056
0.743458
0.794749
0.634665
0.237972
0.940081
0.577954
0.984981
0.466843
1.03816
0.551968
0.939871
0.50905
0.834207
0.559018
0.35109
0.529948
0.281537
0.180721
0.0852529
0.409804
0.168747
0.828751
0.904059
0.735404
0.977776
0.510969
1.25344
0.438258
1.0617
0.413068
1.0143
0.581814
0.747554
0.452733
0.329464
1.60164
0.201777
0.18694
0.0813615
0.148612
0.694489
1.37133
0.926125
1.25901
1.09842
1.0666
0.954977
0.780564
1.27685
0.747887
0.639548
0.631996
0.821535
0.312052
0.76504
0.325762
0.52289
0.272122
0.279852
0.250746
1.19245
0.137381
0.0881883
0.596505
0.859263
0.144795
0.143936
0.442632
0.240413
0.222515
0.193546
0.769362
0.586207
0.534134
0.636799
0.333277
1.25173
0.275505
0.180457
0.886946
0.441743
0.791698
0.155455
1.22143
0.129479
0.0804059
0.720182
0.701132
0.447011
0.526635
0.285777
0.554073
0.372721
0.209677
1.11368
0.521066
0.636209
1.25561
0.492147
0.756891
0.724433
0.895584
0.467735
0.184219
1.09619
0.257845
0.184658
0.764613
0.88441
1.14661
0.790724
0.891781
1.18086
0.642813
0.594662
0.472443
0.254022
0.308346
0.805585
0.476016
0.622058
0.548018
0.474218
0.25606
1.59905
0.346767
1.45568
0.816858
0.784317
0.92027
0.829031
0.9202
0.632878
0.949835
0.577744
0.964025
0.577412
1.04302
0.599252
0.783218
0.424641
0.914952
0.535684
0.528563
0.188522
0.555506
0.670695
0.582716
0.675368
1.04593
1.14312
0.801254
0.663693
0.722244
0.643129
0.587414
0.620904
0.6273
0.436187
0.707477
0.401018
0.687187
0.880908
0.614449
0.359195
0.433797
0.557922
0.780812
0.382651
0.970877
0.292431
0.694944
0.257737
0.447135
0.510538
0.146073
0.311565
0.263918
0.719009
0.391968
0.393461
0.366771
0.963108
0.299533
1.27534
0.364088
0.5367
0.506217
0.836664
0.216855
0.147375
0.975538
0.846273
0.455464
0.914731
0.441697
0.889181
0.207201
1.0528
0.540439
0.637474
0.685483
0.46294
0.456806
0.435119
0.955836
0.324649
0.374213
0.464794
0.199137
0.295649
0.328233
0.720479
0.579638
0.679003
0.55289
0.715679
0.182224
0.326806
0.873212
0.443159
0.337079
0.349098
0.299955
0.844671
0.237259
0.841614
0.287779
0.411528
0.479676
0.560936
0.269087
0.398601
1.69203
0.153923
0.602674
0.967178
0.656979
0.489429
0.87354
0.246163
0.123046
0.261161
0.182589
1.30054
0.617901
0.503585
1.17862
1.32286
0.911897
0.33436
1.84367
0.33676
1.5422
0.804762
1.60407
0.998745
1.24412
1.06386
0.95855
1.15084
0.78449
1.10784
0.995576
0.461273
1.05128
0.359932
1.08394
0.296274
1.61421
0.730786
0.693617
1.18594
0.566864
1.15568
0.376859
0.796598
0.548199
0.755116
0.346577
0.389838
0.393539
0.690532
0.386333
0.664899
0.838159
0.621505
0.433468
0.528817
0.580226
0.530759
0.468915
0.436743
0.175787
0.778303
0.128534
0.0935308
0.475604
0.968333
0.518773
0.41103
0.499974
0.754623
0.283632
0.400121
0.418559
0.828582
0.278146
0.134917
1.06271
0.13492
0.0557889
0.228461
1.30516
0.690013
0.993097
0.542653
0.689948
0.325399
0.817957
0.855929
0.206034
0.494706
0.476537
1.4135
0.294314
0.905
0.442283
1.02015
0.0947988
0.914189
0.186083
0.147564
0.961069
0.288688
0.399574
0.275314
0.0531384
0.678035
0.58239
0.77843
0.493325
0.785433
0.466898
0.39123
0.642037
0.988993
0.857823
0.33161
0.873174
0.230059
0.904507
0.230145
0.74794
0.202508
0.820171
0.202286
0.712625
0.766869
0.349487
0.234253
1.17291
0.360855
0.458233
0.310694
0.474797
0.564168
0.828294
0.300854
0.822815
0.438763
0.749172
0.394584
0.252432
0.567752
0.223025
0.626582
0.356864
0.509093
1.15577
0.127925
0.0710279
0.157101
1.90327
0.684135
1.81399
0.729349
1.18559
1.23141
0.507452
0.746662
0.636683
0.822542
0.367171
0.723449
0.237913
0.837449
0.806578
0.238515
0.113221
1.16694
0.44347
0.413449
0.665202
0.74848
0.593832
0.299211
1.90271
0.385923
0.250583
0.173685
0.588967
0.25817
1.82139
0.442179
1.35855
0.585846
0.941249
0.556944
0.343038
1.10072
0.483657
0.778148
0.743802
0.80515
0.527081
0.271341
0.899681
0.606748
0.816016
0.62539
0.491403
0.34139
1.03598
0.601613
0.646072
0.195793
0.654125
0.67025
0.693887
0.605645
0.586526
0.735576
0.436985
0.281384
0.282925
0.564229
0.267336
0.729555
0.366909
0.626065
0.329069
0.287529
0.763171
0.125507
0.122872
0.509483
0.166166
0.787889
0.731892
0.731923
0.223996
0.62167
1.16851
0.598651
1.10349
0.506759
0.728801
0.304316
0.773687
0.236152
0.231868
0.326314
0.551286
0.398658
0.989463
0.23939
0.253596
0.610724
0.679033
0.315453
0.755856
0.809142
0.760798
0.289575
0.695911
0.303311
0.482251
0.494758
0.784568
0.450292
0.200398
0.976163
0.104378
0.089442
0.13235
0.0284072
0.536709
1.41217
0.201155
1.10653
0.254368
1.21295
0.287053
1.3547
0.224991
0.740094
0.295899
0.936025
0.169743
1.28789
0.13549
0.794886
0.253713
0.848315
0.269459
0.95081
0.0722535
0.0694499
0.839049
0.379751
1.15687
0.189602
0.717045
0.283837
0.645615
0.262874
0.589589
0.126079
0.475441
0.0939272
0.548142
0.128503
0.0499973
0.0149126
0.499461
1.02278
0.788343
0.403054
1.0919
0.200776
0.885688
0.676094
0.749016
0.252607
0.655945
0.324619
0.654161
0.839643
0.399769
0.352622
1.62424
0.314457
1.03632
0.787268
1.15621
0.59027
0.688149
0.488676
0.797173
0.235917
0.665983
0.410885
0.336172
0.556833
0.718228
0.256327
0.479384
0.111634
0.0872129
1.79579
0.261242
1.57189
0.232291
0.877937
0.4632
0.163455
0.0680084
0.167766
0.149919
0.753899
0.824965
0.514207
0.885981
0.46483
0.262319
0.107127
0.974137
0.355779
0.624905
0.774404
0.979207
0.141058
0.437101
0.72343
0.685828
0.305231
0.810565
0.316467
0.745173
0.569217
0.27255
0.10201
0.787384
0.548126
0.932724
0.431697
1.26268
0.524585
0.424097
1.12178
0.454223
1.31776
0.207591
1.60078
0.274449
0.417277
0.510694
0.285363
0.526838
0.525562
0.351363
0.776624
0.547461
1.22688
0.899389
0.983864
0.764932
0.707918
0.880914
0.72994
0.628189
0.658514
0.377153
0.584719
0.929663
0.349393
0.843323
0.399706
0.597359
0.410435
0.627654
0.442581
0.468828
0.600642
0.441871
0.223668
0.490784
0.722882
0.792155
0.937722
0.710316
0.634897
0.850664
0.656935
0.350677
0.665274
0.278708
1.2571
0.226115
0.73908
0.670028
1.2224
0.56153
0.908426
0.292157
0.782712
0.626827
0.230698
0.0851786
0.572392
1.75407
0.911685
0.776969
0.741293
1.31505
0.585647
1.35955
0.480757
1.36161
0.495957
0.983623
0.517143
1.16354
0.346658
0.805377
0.342011
0.581683
0.695401
0.434625
0.772389
0.622301
0.846003
0.586788
0.383144
1.1046
0.592315
1.05225
0.243689
0.333859
0.854772
0.329747
0.636848
0.397801
1.17764
0.970688
1.38715
0.940067
1.34548
0.548138
1.46804
0.922735
1.32615
0.964348
1.60206
0.913596
1.3162
0.738359
1.11036
0.653561
1.00439
0.688994
0.507397
0.959765
0.440325
0.308832
0.750892
0.217936
0.532436
0.555483
0.89367
0.726814
0.243036
0.339774
0.379798
0.687036
0.586844
0.741778
0.392833
0.49505
0.479694
1.74569
0.594786
1.57841
0.59127
0.623786
0.477428
1.40023
0.446384
0.55202
0.381711
0.317432
0.668994
0.53412
0.417347
0.460692
0.516746
0.310628
0.595213
0.173554
0.0710633
0.200516
1.96586
0.18278
0.658877
0.310563
0.750122
0.267476
0.324075
1.54033
0.505322
1.1651
0.736446
1.00541
0.74369
1.2859
0.377795
0.300807
0.251971
0.233779
0.472037
1.33233
0.178075
1.09977
0.692515
0.426095
1.25848
0.328191
0.137284
0.116459
0.0515714
0.0535357
0.377591
0.690976
0.100135
0.0662819
1.20243
0.854971
1.22209
0.449064
1.01788
0.354357
0.802842
0.66347
0.597907
0.643276
0.490516
1.36488
0.226559
1.42122
0.257657
0.442816
0.559629
1.57932
0.304524
1.43216
0.758631
1.01152
1.26143
0.783926
1.01475
0.752848
0.768789
0.732911
0.720206
0.647488
0.645373
0.629497
0.345063
0.65125
0.741458
0.750277
0.345577
0.737777
0.852348
0.485521
0.331505
0.188751
0.101913
0.871927
1.34206
0.526068
2.07662
0.768433
1.94457
0.42852
1.47734
0.782953
1.0244
0.38113
1.13508
1.10986
0.830318
0.53064
0.712087
0.970264
0.644771
0.42092
0.967051
0.829582
0.638797
1.23309
0.622445
1.72769
1.09201
1.23294
0.756909
0.95972
0.770624
1.41554
0.73883
1.16172
0.671241
1.47641
0.409046
2.43422
0.283339
1.78615
0.514618
1.18381
0.35564
0.825396
1.38644
1.04034
1.52466
0.7833
1.55488
0.594294
1.2645
0.504775
0.138287
1.31098
0.367035
1.12507
0.248355
1.54725
0.507009
1.16859
0.960187
1.32542
0.523643
1.31606
0.255487
0.581321
0.384208
0.274221
0.537776
0.708356
0.448922
1.23369
0.437897
0.686497
0.765472
1.05099
0.599233
0.537009
0.537913
1.67791
1.08108
1.21588
1.13154
0.686329
1.31405
0.524872
2.118
0.352775
1.53265
0.336927
0.9264
1.23005
1.04379
1.264
0.734598
0.51312
1.82388
0.353581
1.61079
1.13335
0.707939
1.63125
0.563314
1.52277
0.592503
0.598935
0.724334
0.4153
1.32717
0.644635
0.302534
1.36307
0.396964
1.24777
0.316454
1.27028
0.875998
0.6181
0.521976
1.37146
0.406162
0.657812
1.57093
1.2584
1.29372
0.619442
1.27897
0.503469
1.66345
0.876895
1.54289
0.818428
1.15226
0.839124
1.03889
0.67649
1.68502
0.994388
0.425467
1.83299
0.381271
0.959175
0.417206
1.5529
0.311528
0.438022
0.403749
0.274994
0.414008
1.75408
0.354603
0.531469
0.947901
0.802296
0.974801
1.116
0.278504
1.28881
1.03074
0.468923
1.20394
0.67131
1.22652
0.819399
1.21569
0.445003
0.745867
0.663086
0.840301
0.340882
0.33905
0.895874
1.12942
0.922734
1.56713
0.565053
1.64044
0.915154
0.370771
0.685189
1.16113
1.16611
0.329744
0.250709
1.69071
0.260388
2.36428
1.16884
2.28964
0.911731
2.09398
0.758066
1.69661
1.2288
1.72052
0.977257
1.45995
1.04368
1.102
0.42829
0.443117
1.96498
0.356382
1.42701
0.302336
0.513544
0.593732
0.48934
0.692803
0.71391
0.263595
1.09734
0.352604
1.32904
1.46801
1.25986
1.49282
0.302351
0.344168
1.2848
1.2107
0.892674
2.32478
0.800347
3.21483
0.718575
2.63361
0.729164
1.96326
0.561226
1.78987
0.625216
0.999667
1.42088
0.882929
0.708789
0.506366
1.24551
0.421241
1.85947
0.474589
1.99741
0.544163
0.670613
1.65078
1.37835
0.527874
2.10705
0.586541
0.642165
3.26479
0.892073
0.810317
2.70326
0.669228
1.40606
0.75347
1.17262
1.04786
1.68385
1.19575
0.879219
0.916298
0.797197
0.816714
1.31234
1.25375
0.722712
1.08307
1.28767
1.08729
0.86597
0.721083
0.849518
0.60455
0.348481
0.419559
0.547699
0.69795
0.46536
1.02834
0.838603
1.21378
1.19332
1.12931
1.08082
0.90625
0.939014
1.36886
1.17785
0.387728
1.82533
0.430198
0.292489
2.22041
0.893291
1.93034
1.16914
1.51826
1.0052
1.41622
0.85983
1.22672
1.00193
1.04148
0.5223
0.406766
1.69138
0.75094
1.37993
0.446359
1.34949
0.676605
0.737462
0.536556
0.556664
0.65365
1.19276
0.924516
1.1289
0.274892
0.473115
1.53336
0.282497
0.33672
1.13387
0.474171
0.361655
1.83637
0.720995
0.464005
0.451044
1.89503
0.524827
1.62671
0.472331
0.617572
0.567662
1.47822
0.618184
1.13954
0.895587
1.09926
0.724867
1.29882
0.730295
0.959843
1.20857
0.363614
0.63754
0.616179
1.15308
0.629241
0.827063
1.15051
0.36134
0.700385
0.698373
1.31098
0.501483
1.5596
0.701875
0.96347
0.520391
0.740467
0.597388
0.321478
1.083
0.418309
0.428568
0.230932
0.394695
0.718865
0.57413
0.75455
0.403883
0.998505
0.785629
0.83828
0.402428
0.717231
0.219786
0.703545
0.226977
1.23831
0.47145
1.50177
0.381879
0.727819
0.6307
0.223269
0.332023
0.542101
1.27268
0.361525
1.32472
0.452655
0.551835
0.615155
0.241684
0.264048
1.54572
0.625953
0.496698
1.21769
0.575968
0.773811
0.794789
0.317967
1.39597
0.202507
0.228587
1.16644
0.362591
0.237317
0.219752
0.627957
0.355049
0.524622
0.657088
0.627525
0.303417
0.786298
0.244802
1.27999
0.722386
0.96756
0.345896
0.968666
0.623488
0.739616
1.04497
0.54443
1.42024
0.528646
0.90632
0.825989
0.458297
0.870742
0.324291
1.22763
0.236778
1.29046
0.234076
0.223131
0.599462
0.809608
0.69104
0.688297
0.541405
0.661244
0.648119
0.441515
0.994711
0.738297
1.11609
0.319625
0.181004
0.233759
1.25091
0.930095
1.11561
0.850496
0.806248
1.3497
0.949457
1.01136
1.37885
0.855252
0.614169
1.191
0.772333
0.821828
0.403916
0.880143
0.905169
0.909606
0.918572
0.599272
0.936441
0.58582
0.741352
0.616826
1.03847
1.21731
1.46495
0.830721
0.925641
0.627944
0.435216
1.19119
0.518859
1.48334
0.21806
0.476135
0.95695
1.27076
0.820753
0.757516
1.16989
0.39614
0.543431
1.20118
1.63281
1.3195
1.49082
1.26844
1.475
0.863241
0.696788
0.62165
1.73314
0.333972
2.35124
0.288564
1.45855
0.144309
1.14223
1.75958
0.756681
0.798345
1.08084
0.633111
0.894127
0.593647
0.750543
1.56763
0.793711
0.84046
0.919433
0.656597
1.12952
0.520135
0.498929
2.35785
0.385278
0.647688
1.11119
0.360646
1.16386
0.323051
1.56039
0.578963
1.08529
0.701427
0.99993
0.169092
0.0977598
2.16522
0.580505
1.27746
0.956523
1.52881
0.783955
1.90898
0.479774
1.78451
0.595431
1.38825
0.841263
1.03855
0.453379
0.94895
0.837165
0.905771
0.231082
1.60997
0.40771
1.08738
0.619938
0.994558
0.44483
0.758762
1.39964
0.629075
1.27252
0.587061
1.10809
0.754406
0.622056
0.732731
0.935728
0.535282
0.663639
0.843977
0.954877
0.788878
0.850985
0.781832
0.527879
1.19577
0.296448
0.674096
0.397116
1.65446
0.916898
1.16344
0.88009
0.871051
0.896092
0.841683
1.01004
0.610706
0.894909
1.26525
0.47174
1.69383
0.405434
0.227746
0.573453
0.873607
1.2144
0.789798
0.778103
0.994089
0.36906
1.39916
0.734367
1.28004
0.8067
0.668089
1.7578
0.825904
1.02537
0.78711
1.06311
0.349678
0.897348
0.734893
0.645877
0.527853
0.697312
0.745715
0.768518
0.391243
0.103443
1.96134
0.0387587
0.398333
0.27485
0.671129
0.2932
0.319446
0.683031
0.225903
0.0548964
0.496009
0.787605
0.243341
0.38268
0.117412
1.50131
0.149837
0.444281
0.211881
0.85365
0.0555475
1.32048
0.100542
0.109841
0.97201
0.405434
0.862973
0.488479
0.163957
0.894586
0.249396
0.90366
0.204851
1.14467
0.166639
1.231
0.160593
0.0941725
1.99368
0.290673
1.47594
1.00276
0.740595
1.6868
0.700786
0.993438
1.18341
0.791255
0.986846
0.626765
0.886198
0.750674
0.732926
1.25786
0.310457
2.21935
0.222046
1.52527
0.193258
0.197237
1.78859
0.574278
1.51562
0.407633
1.47122
0.468775
1.29489
1.03783
0.676964
1.25525
0.895124
1.46167
0.681644
1.82434
0.648907
0.990871
0.885379
0.568643
0.434714
1.8196
0.508391
1.21075
0.94138
0.74484
1.15251
0.737449
0.732321
1.56065
0.633857
1.27543
0.542204
1.56535
0.683301
1.06241
0.68609
0.486313
0.800533
0.242488
1.01414
0.207762
0.119442
0.350279
0.795371
0.697966
1.28258
0.421148
1.81665
0.237489
0.994497
0.460251
1.02242
0.766531
0.792858
0.34253
1.68763
0.20798
0.109088
0.379794
1.91732
0.331607
0.295846
2.2833
0.386068
2.4881
0.240719
2.31451
0.391707
2.03859
0.825737
0.314442
2.09097
0.150369
0.51147
0.672832
0.624662
1.27018
0.33523
1.33409
0.522142
0.792519
0.269911
0.447282
0.587678
1.36766
0.356173
0.414412
0.953458
1.05435
0.778126
0.327726
0.283727
0.115323
0.186109
2.25096
0.422908
1.3388
1.27005
1.44184
0.953941
1.23455
0.755891
0.938216
1.15084
0.539377
1.29548
0.981338
0.694098
1.30126
0.446111
1.3024
0.376334
0.736067
0.262023
1.23138
0.336559
0.620671
1.02538
0.585209
1.40653
0.60282
1.08914
0.415209
1.29046
0.132212
1.03683
0.604841
1.86123
0.396607
0.238401
0.082087
1.00307
0.367876
1.39115
0.838406
1.17966
1.62264
1.1157
1.33577
0.929155
1.35662
1.22376
1.09294
0.668601
1.7879
0.490023
1.26202
1.28851
1.16306
1.15475
0.890166
1.33799
0.513575
0.818586
0.626693
0.566995
1.1032
0.623983
0.653852
1.33235
0.54655
0.293379
0.0705063
2.19519
0.186474
0.204028
0.245576
1.17587
0.318608
0.17715
1.98418
0.572884
1.15996
0.129936
1.26572
0.480463
1.05342
0.557789
1.3497
0.307543
0.415155
1.20574
1.14088
0.552625
1.32782
0.547995
1.97322
0.566144
1.75408
0.681707
1.38746
0.705951
0.977528
0.354059
0.773461
0.412075
1.50386
0.833926
1.1485
0.39237
1.1159
0.49649
1.00459
0.501487
1.51562
0.740729
1.01346
1.0604
0.626574
1.0999
0.365409
0.975888
0.269823
1.09617
0.539791
0.43087
1.02588
0.400081
0.764791
0.539778
0.908435
0.462059
1.3627
0.271128
0.181821
0.350792
1.8157
0.377924
1.4899
0.269434
1.93091
0.331663
0.51016
0.869096
1.33885
0.196588
0.87058
1.21221
0.395536
0.111865
0.220883
1.76391
0.196693
0.217556
0.0981481
0.98916
1.42771
0.0925417
0.220728
1.28509
1.20871
0.342894
1.92843
0.240262
2.60197
0.209303
0.0720993
0.146666
1.66309
0.731048
1.05084
1.26381
0.287203
1.36772
0.175781
0.201637
0.956981
0.343201
1.20473
1.63807
0.380127
2.50458
0.330443
1.26324
0.218304
1.80675
0.816471
1.75627
0.725947
1.71127
0.76697
1.55595
0.654672
0.934615
0.633237
1.50215
0.508902
1.3354
0.35592
1.25239
0.5916
0.485534
2.3136
0.466347
1.37594
0.985468
0.519036
1.86141
0.295044
2.1553
0.27589
0.342422
1.46771
0.824424
1.20076
0.940214
1.18663
1.56694
1.10862
0.413699
2.18783
0.21837
1.54027
1.00802
0.412565
1.34815
0.123459
0.150853
1.06595
0.126797
0.623632
0.839968
0.690753
0.968743
0.623812
0.906595
0.445279
0.679431
0.445972
1.04062
0.702875
0.281032
1.78228
0.480122
0.514089
0.973697
0.597342
0.63835
0.855466
0.454171
0.383927
0.135094
1.33029
0.282219
0.716059
1.45455
0.232095
1.29129
0.420948
1.04782
0.613258
0.109497
1.25475
0.389049
0.723175
0.300283
0.306656
0.190174
0.116761
0.072882
0.121447
0.780789
1.24561
0.186473
2.40467
0.246567
0.454372
1.64225
0.894053
0.953987
2.35731
0.652191
2.32377
0.752562
1.04677
1.29246
1.68111
0.350672
2.32279
0.371854
0.20187
0.200098
0.272947
1.47617
0.549365
0.36291
0.0956098
1.07074
0.768985
0.660707
0.73739
0.314288
1.41584
0.773637
0.457961
1.25607
0.64488
1.96364
0.563875
1.65982
0.174577
0.729987
1.1961
0.836854
0.448759
2.01939
0.719501
1.37648
0.427274
1.62805
0.346198
1.91704
0.701079
1.65185
0.554668
0.213922
1.16058
0.456648
0.200666
0.531287
0.870208
0.558855
0.922259
1.16145
0.093405
2.35255
0.355611
1.06199
0.23779
1.86797
0.638345
2.78127
0.625463
2.44519
0.674236
0.978795
1.4193
0.578489
1.305
0.245615
0.945409
0.976536
0.932523
1.00008
0.395965
0.840134
0.753165
0.536648
0.540087
0.395451
0.310579
1.74277
0.263262
0.193559
1.06021
0.324888
1.31239
0.902694
0.165102
0.300803
1.72755
0.611368
0.738745
1.51319
0.343792
2.47365
0.427171
1.65457
1.00962
0.741861
1.26955
0.195667
0.922357
1.61642
1.10916
1.18766
0.518131
2.08169
0.953563
1.9847
0.524748
1.30615
0.719698
0.17622
0.203229
0.993069
1.51556
0.571722
2.13943
0.726314
1.13605
1.2151
1.42784
0.552722
1.75016
0.78564
2.4005
0.985373
1.51201
0.60043
2.35367
0.406383
1.18038
1.04181
0.315588
2.97464
0.197663
0.48341
1.47966
1.37744
0.6955
0.928651
0.547865
1.51826
0.283025
1.15543
1.21857
1.03458
1.02833
1.79882
0.4873
2.95785
0.655359
0.516235
1.55272
1.63984
0.376117
0.691225
0.253823
0.271895
0.77379
0.694722
0.314431
1.19167
0.316074
1.53713
0.380491
0.506885
1.80115
1.88183
1.26764
0.869311
0.600253
0.790227
1.21542
0.617159
1.11329
0.748985
0.536156
0.390654
0.214948
2.0507
0.506794
0.100382
0.264458
0.266682
0.123713
0.446073
0.147113
2.14298
0.548194
0.670771
0.0980684
0.0983125
1.41403
0.697294
0.265218
2.7526
0.3086
2.93752
0.229752
0.27334
2.77157
0.378964
2.34284
0.188938
0.314833
2.67873
0.451861
1.81958
0.593334
1.39928
0.101942
0.278609
1.43907
0.146428
0.689969
0.774396
0.883916
0.321816
2.20796
0.793394
1.55296
0.340323
1.55264
0.983587
0.751096
0.484199
0.330536
0.813435
1.42797
0.496673
0.311736
1.7531
0.259198
0.931713
0.743791
1.60844
1.02166
1.69415
1.06284
1.26936
2.02738
1.36858
2.24325
1.02172
2.87909
1.05787
2.63841
1.1664
2.57185
1.06217
2.41155
0.800942
2.02812
0.739349
1.97938
0.498201
1.7757
0.6412
0.921999
0.16444
1.70586
0.251361
0.452477
1.19182
0.711676
1.40652
1.53017
0.821155
2.42965
0.743852
2.06211
0.825691
0.496914
1.9577
0.480033
0.798726
0.666063
0.714876
1.27939
0.339456
1.10704
0.430392
0.700208
0.32021
0.960453
0.649279
1.24125
0.531523
0.220028
0.525978
0.355569
2.73483
0.391003
2.24967
0.716229
0.986079
1.61522
1.13498
1.06185
1.43754
0.788873
1.15418
0.867706
0.795426
0.37226
2.16409
0.263637
0.256798
1.48288
0.520123
1.14528
0.787839
2.02713
1.89682
1.29672
3.07071
1.04494
0.807723
0.531567
1.99455
1.00398
1.3465
0.968122
1.07256
1.11681
0.608971
0.766998
0.479901
1.0546
0.897163
0.669247
1.20335
0.786084
0.912991
0.753705
0.714525
0.599946
0.396868
0.669237
0.294512
0.692098
0.682301
0.928645
0.661625
1.22756
0.792059
1.23013
1.29441
0.88192
1.03139
2.15998
0.879106
1.51252
1.00019
1.25507
1.18664
1.16982
0.820338
1.01514
0.836193
0.901158
1.58881
0.70135
1.90339
0.735513
1.8369
0.786076
0.635868
1.15628
1.20201
1.00659
0.196312
1.09974
1.753
0.815497
1.57825
0.558043
2.12464
0.320331
1.95755
0.619059
0.892374
0.900499
1.89713
0.375312
1.7082
0.83561
1.42851
0.769691
1.87583
0.514866
1.84367
0.858881
1.70757
1.04921
1.45027
0.22819
1.30035
0.391467
0.574321
0.831782
0.45596
0.435897
1.00576
0.252936
0.348514
0.562263
0.203048
0.272867
1.14446
0.321951
0.535095
0.72599
0.530127
0.486904
0.513494
2.92389
0.775384
2.92216
1.04196
1.25442
1.52953
0.817807
0.86656
1.36678
0.81688
1.52981
0.884934
1.36098
1.3703
0.402814
0.442651
1.42503
0.868385
1.29095
0.341024
0.563014
1.82499
0.399871
0.944523
1.30324
1.06486
0.687269
0.988848
1.26934
0.722311
0.467171
1.81479
0.862022
1.70815
0.773858
1.26109
1.05162
1.18499
1.05533
0.393417
0.539065
0.729273
0.393729
0.394348
0.225208
0.394172
0.725914
1.83265
0.340508
2.19444
0.466607
1.09382
0.464099
0.589907
0.341744
0.352165
1.84626
0.626285
1.76193
0.402005
0.230961
0.722609
1.13371
0.968921
1.22024
1.39088
0.700086
1.35536
1.01474
0.0974651
1.7868
0.864918
0.675321
2.10303
0.502649
0.600439
1.4379
0.506693
1.04862
0.327453
0.17409
0.902005
0.890843
0.219918
1.052
0.512272
0.395088
0.45272
0.15384
0.111182
0.529794
0.832291
2.07056
1.22984
0.926981
0.682854
1.87142
0.957653
0.588435
3.01541
0.154486
0.7501
0.702279
0.501032
0.754564
1.20998
0.607087
0.446953
2.02495
1.33134
0.186961
0.862346
0.724846
1.48484
0.559288
1.73882
0.317738
1.88793
0.633759
0.882989
1.05442
0.726775
0.712223
0.677239
0.278838
1.50074
0.510162
0.868148
1.12403
1.08732
1.35652
0.601189
1.38118
0.4868
1.1206
0.391087
1.31977
0.515401
1.32962
0.370056
1.47023
0.148468
0.267239
0.99402
1.21932
1.15424
0.755947
1.59105
0.761908
0.951082
0.998657
0.346673
0.14247
0.333767
0.444627
2.4071
0.352407
2.00253
0.588157
0.602262
0.967452
1.6068
1.06122
0.360043
2.96629
0.293567
0.276777
1.50472
0.457352
2.09705
1.23675
1.02663
2.35061
1.56175
1.19401
2.14184
0.852684
1.77858
1.04173
1.34616
1.06137
0.989817
0.289007
0.890778
0.309218
0.319753
0.383412
1.2257
0.560156
0.58326
1.08991
1.27426
0.72252
0.330166
1.46285
0.757863
1.31186
0.832726
0.55639
1.20683
0.34644
0.110318
0.588202
0.8451
1.53093
0.699436
2.08313
0.594677
1.90982
0.700907
0.216632
1.87233
0.675972
2.62522
0.732406
0.513943
1.74677
1.34622
1.4394
1.64953
1.08483
1.55179
1.14369
1.91003
0.486188
1.08257
1.92282
1.36072
1.27271
0.943777
2.01319
1.84569
1.51222
2.00952
0.567902
1.48294
1.42104
1.39287
1.07887
1.07084
1.69629
1.24491
1.41669
1.07542
0.628854
1.77758
0.313432
0.961887
0.660883
0.670117
0.511117
0.937112
0.155754
0.542947
1.14812
0.114635
2.84247
0.199371
0.325951
1.44594
1.07439
0.492865
1.84898
0.490994
0.716887
1.35138
0.553745
0.736347
0.689145
0.682911
1.707
0.694362
0.317868
0.962293
1.61456
0.384102
1.91593
0.53895
1.40629
0.784418
1.73093
0.374567
1.56869
0.76366
1.52658
0.517155
0.928019
0.194705
0.331268
0.775538
1.75565
0.550044
1.50154
0.667332
1.9461
0.465347
1.9285
0.705826
1.38451
0.665987
1.85758
0.531453
0.204845
1.00733
2.06449
1.08738
2.04436
1.37378
1.33371
1.81804
1.27884
0.763606
2.28139
0.433969
2.18877
1.27707
1.4963
1.28975
1.26966
1.28591
1.28005
0.994978
1.62696
1.49086
0.976568
1.63703
0.998007
1.07183
1.79373
0.871453
1.53515
0.733046
1.27244
0.872583
1.51997
0.617578
1.4447
0.980749
0.686977
0.970193
1.06401
0.790246
1.08448
0.808369
1.42273
0.494191
1.82701
0.601447
0.677144
1.24132
0.20035
0.626084
1.87719
0.485114
1.89387
0.544733
1.79752
0.668575
1.85673
0.587583
2.01223
0.390194
0.357488
0.257883
3.14715
0.66105
2.92658
0.717452
2.11104
1.18531
1.84713
1.03461
1.49548
1.20549
1.49201
0.925698
0.938657
1.18281
1.06511
1.3494
1.14297
1.69821
1.25598
1.39884
0.887487
1.34005
1.06125
0.996749
1.56093
0.284177
0.346914
1.08671
0.10327
1.30405
0.0824942
1.10088
0.137375
0.52022
0.792236
0.227346
1.681
0.51458
0.536454
0.591085
1.41766
0.357917
0.848044
0.343311
1.55749
0.360683
1.87699
0.182402
1.64209
0.444647
0.907274
0.459381
1.29649
0.574732
0.264016
1.21185
0.432955
0.968033
0.774816
0.591272
0.726074
0.352609
0.850162
0.358397
1.30124
0.457761
0.445485
0.806514
1.07353
0.84862
0.669292
0.378389
1.17183
0.364273
0.485249
0.913954
1.17597
0.301448
1.21282
0.591929
0.395405
0.32949
0.146721
0.830287
0.470394
0.463395
1.40253
0.151383
1.04673
0.107421
1.82842
0.181863
1.63072
0.0825718
1.78171
0.188687
0.670766
0.296637
0.274214
0.877381
0.122296
0.927007
0.0896662
0.272191
0
122.995
107.966
96.5668
84.4754
74.5185
66.9218
60.511
56.1672
53.0974
51.8425
50.6979
49.2718
47.774
47.02
46.1654
45.0166
44.5828
43.6888
42.1442
41.4909
41.017
40.043
40.0781
38.7644
38.6697
38.2974
37.4986
37.0137
36.5833
35.7461
35.5108
35.0562
34.8686
33.9754
33.5256
32.6953
33.2113
32.5665
31.7071
32.6866
31.2673
32.7393
30.9053
32.1801
30.471
31.1164
30.7267
30.8366
29.759
29.9422
30.0519
29.6109
29.385
29.4087
28.9686
29.3048
28.6349
28.9055
28.1993
27.8814
28.3783
27.4259
28.0178
27.4009
27.3731
26.872
27.1928
26.2404
26.6537
26.2394
25.6845
26.0886
25.7283
25.3048
26.3477
25.0507
26.057
24.6092
25.7313
24.4717
25.5281
24.249
24.9089
24.0909
24.622
24.0376
24.4351
23.9329
23.679
24.0774
23.6707
23.621
23.1527
23.4973
23.2059
23.291
22.7453
23.0482
22.5603
22.8447
22.6495
22.2639
21.8765
21.5466
22.2471
21.3746
22.0544
21.7392
21.9469
21.5513
22.0242
21.4382
21.4123
21.3141
20.9243
20.4258
20.2017
19.75
20.2571
20.6432
20.2087
20.1759
20.0863
20.1038
19.9572
19.8343
19.7866
19.5572
19.2088
19.7391
19.2147
19.463
18.9372
18.3364
18.2398
18.2627
18.8457
18.4372
18.7296
18.1233
18.5122
17.9541
18.2402
17.9462
17.977
17.2978
17.8057
16.8554
17.7329
17.3822
17.2728
16.3827
16.2783
15.9113
16.3005
17.1677
16.2275
17.1314
16.3023
16.7875
15.9753
16.25
15.5521
16.3961
15.3881
16.7409
15.2442
15.702
15.2785
15.7395
14.922
15.6418
14.5962
15.271
15.0078
14.6253
14.8691
14.4919
14.181
14.3062
14.0115
14.4282
14.0051
13.8915
14.4763
13.5747
13.6061
13.3607
13.8308
13.2858
13.9693
13.0698
12.4358
13.6442
12.6119
13.1094
12.7085
12.7386
13.0355
12.4043
13.2859
12.3132
11.7359
12.1947
12.0323
11.5749
11.818
11.6939
11.9558
11.5878
12.6049
11.5019
11.84
11.7893
11.9568
11.567
12.2498
11.4952
11.6432
11.5534
11.7906
11.5687
11.701
11.515
11.413
11.6577
11.3659
11.5664
11.2174
11.5567
10.9478
11.5371
11.3724
11.3958
10.9816
11.5189
10.9502
11.7871
10.8858
11.0965
11.2749
10.911
10.4762
11.0477
10.3448
11.7095
10.2001
11.4919
10.2082
11.2231
9.99073
11.0048
10.2199
10.4197
10.7971
10.3252
11.1699
10.0624
11.3325
10.0824
10.8555
9.96219
11.0102
9.94047
11.1412
9.92896
9.88403
9.92717
10.0114
10.0935
10.2331
11.1589
9.5683
9.72589
11.1623
9.75669
10.5228
10.3784
9.98623
11.0011
9.83138
10.7641
9.90483
10.3768
9.86326
10.1488
9.72975
9.93491
9.74575
9.33766
9.95521
9.30051
9.03035
9.94718
9.62617
9.52834
10.0481
9.86958
9.91973
9.76548
10.1272
10.0308
9.1329
10.2664
9.2902
9.59886
9.81768
9.55342
9.31039
8.80643
8.51758
8.7707
8.81991
9.31588
8.79713
10.5697
8.95011
10.2626
8.85842
9.70121
9.04716
9.31459
9.09365
9.59516
9.07788
9.73478
9.08233
8.67564
8.48102
9.85719
8.4904
9.64056
9.15415
9.51007
8.97624
9.36931
9.02849
9.34125
9.03289
9.25159
8.63738
7.9985
8.38306
9.22734
9.45311
8.48173
9.96458
8.3568
9.69424
8.38861
8.30653
8.92815
8.83673
8.67294
8.83894
8.54843
9.18116
8.45014
8.96241
8.29741
7.97716
7.70645
8.43021
8.64707
8.51635
8.10032
8.87285
7.97391
8.92227
8.03208
8.23402
8.27581
8.87252
7.9677
8.40349
8.39556
7.77693
8.20967
7.81479
9.61487
7.81843
8.62865
8.22425
8.96071
8.30222
7.93304
7.92459
8.16649
7.98476
8.05653
8.34959
7.92553
8.92889
7.29286
9.47065
7.39137
9.34249
7.29895
7.17341
9.26959
7.45874
8.8669
7.60736
8.40295
8.12374
8.0187
7.47281
9.06229
7.4367
7.6601
7.46602
7.89267
6.86691
6.9406
7.70278
7.58247
6.7741
6.97946
6.51965
6.95373
7.13801
6.66931
8.57308
6.73601
8.03776
7.14199
7.74922
6.8815
8.09493
6.69126
7.98934
6.60802
7.72743
6.44385
7.4194
6.36065
6.54029
6.0125
6.60276
6.7318
7.92047
6.72787
6.92165
6.82162
6.02014
7.43403
6.15853
6.78283
6.20248
6.50983
6.35609
6.65155
5.58173
5.52974
6.96203
6.38652
6.0717
7.0743
6.02784
6.86847
5.91411
6.65803
6.10759
6.0854
6.27274
5.21085
7.75028
5.14263
5.44964
5.03475
5.4222
6.4906
6.43615
6.22614
6.1671
5.58856
5.66666
6.2399
5.68737
6.07219
5.80162
5.45391
5.42856
6.24882
5.65928
5.88731
6.27492
5.3329
6.261
5.08196
5.46189
5.24345
5.30159
5.99232
5.23527
5.86133
5.56723
5.92996
4.68196
7.106
4.84957
5.85104
5.39926
5.88171
5.12709
5.3359
4.6576
6.3457
4.16836
5.66141
5.74422
5.43449
5.18169
5.31172
4.94997
5.89624
5.42812
4.39134
5.03399
4.88508
6.46126
4.89841
5.46292
5.40671
5.66231
4.41879
7.03789
4.61963
5.98045
4.99772
5.74299
4.78871
5.53014
4.74779
5.15232
4.68415
4.83901
4.63939
4.75871
4.89737
5.02056
4.00181
5.55867
4.90671
5.06332
4.97783
4.42691
4.80987
4.29781
4.77516
4.93331
5.19372
4.56514
4.92707
4.59914
5.16638
4.38738
4.85239
4.56145
4.61213
4.11527
5.1426
4.32048
5.12578
4.14741
5.41383
4.0092
5.6515
3.92562
4.72166
5.26561
5.2105
4.85535
5.37148
4.66104
4.76853
4.46418
4.63136
5.26407
3.79087
6.08873
4.08146
4.80851
4.75864
4.48902
4.59346
4.49711
3.68538
3.86502
3.79542
5.30942
5.16698
3.94696
6.32728
3.901
4.87397
5.13875
4.62806
5.06935
4.54194
5.09627
4.05486
5.08005
3.85723
5.42799
3.9267
4.9595
4.00118
4.87854
4.52055
4.63638
4.49583
4.69165
3.556
5.68626
4.53384
5.04982
4.27774
5.28029
4.3635
4.83204
4.43173
4.56267
4.64169
4.55683
4.37325
4.75606
4.2427
4.89306
4.37521
4.49176
4.56912
4.52488
4.43736
4.48614
4.40443
4.55667
4.37359
4.23362
4.34679
4.1512
4.60769
4.18603
4.4533
4.06411
4.48165
4.16019
4.15142
4.62139
3.62555
3.74369
4.03524
3.93244
5.02148
3.77423
4.94922
3.5966
5.0019
3.61905
4.74476
3.49411
3.43339
6.01984
3.4978
3.38021
5.50129
3.66424
4.74022
4.50512
4.78985
4.11183
4.9631
3.97906
4.6604
4.07198
4.58605
3.99351
3.81336
4.75967
3.93821
4.92045
3.82376
4.52775
4.30703
4.30233
4.21975
4.2559
4.19585
4.26314
4.03913
4.14167
4.11524
3.99367
4.27697
3.82865
4.37532
4.05081
4.04546
3.98233
4.21059
3.83777
4.25426
3.7325
4.27762
3.82823
3.96824
3.80408
4.42684
3.58598
4.42359
3.49778
4.51089
3.59828
3.07215
4.82647
4.14904
4.48064
3.98733
4.2044
4.08802
4.29541
3.94366
3.75146
4.1197
3.72456
2.88875
4.25966
4.48134
4.08148
4.09902
4.05395
4.16567
3.81295
4.08564
3.90533
4.18576
3.75678
4.09915
3.73657
4.01894
3.64202
4.23177
3.42793
4.40361
3.3705
4.30262
3.40139
2.85364
4.78943
3.78451
4.60241
3.80209
4.3573
3.95321
4.08708
4.07935
3.99039
3.79334
3.31956
3.39596
3.82209
3.92997
3.72332
3.98538
3.57547
2.67842
3.55037
5.20761
4.2316
4.57192
4.06696
4.23756
3.71117
4.70845
3.68549
3.83854
3.81145
3.09175
2.75394
6.38275
2.80558
5.58525
3.35559
5.14783
3.43691
4.70005
3.29844
4.53798
3.27018
4.28841
3.8824
3.70929
4.42994
3.82974
2.67185
3.29482
2.94365
5.09073
3.11735
4.56639
3.39667
4.16614
3.64107
3.58669
3.25237
3.88026
3.35218
3.55596
3.18507
3.55212
3.481
3.93602
3.50858
3.62201
3.54354
3.11575
2.49922
2.8203
3.19289
3.17808
4.44118
3.02961
4.32813
2.93482
3.50242
3.51159
3.95461
3.02766
4.24213
2.92729
4.0608
3.31229
3.7958
3.16159
3.96932
3.02172
3.98238
2.93831
3.08989
3.52235
3.11193
4.59511
2.86547
2.30384
4.82569
2.44327
3.22947
2.48436
3.91724
3.16571
3.75936
3.41899
3.73455
2.65721
4.02978
2.84454
3.59255
2.80329
3.59799
2.75691
3.47705
2.79353
3.50726
2.74893
3.42435
2.74071
2.97774
2.16613
3.30363
2.47741
4.04596
2.30116
3.82604
2.2293
3.29018
2.7617
2.6973
3.27785
2.80938
2.95514
2.84475
2.71263
2.09352
4.13757
2.6555
2.7551
3.17932
2.23727
3.45737
2.31277
3.21547
1.99112
3.34712
2.19147
3.10669
2.25954
2.73687
2.18627
2.83817
2.15819
2.83735
2.20427
2.56278
2.22461
2.6531
2.20286
2.64402
2.20349
2.69191
2.03832
2.58216
2.10824
2.53806
1.87211
2.42012
2.16106
2.6226
1.99383
2.50494
2.08814
2.47756
2.12693
2.42968
1.85939
2.52625
1.84345
2.41516
1.79268
2.84297
1.51643
2.96189
1.52364
2.61159
2.07883
1.22787
1.31711
3.3067
1.70487
3.56472
1.39577
3.27361
1.53176
1.72903
2.90235
2.26913
2.638
2.26563
2.47781
1.91214
2.53989
2.71719
1.74877
3.66212
1.28613
3.75888
1.02262
4.20734
0.766224
3.24002
1.92127
3.45953
1.47578
3.56364
1.1681
2.18799
2.41751
2.47321
2.06534
2.5701
1.95913
2.33184
1.99582
2.2201
1.7881
2.36385
1.78276
2.40404
1.71329
2.48434
1.57294
2.52789
1.50762
2.19264
1.82172
2.16125
1.97069
2.33576
1.63285
2.39208
1.59776
2.37756
1.5328
2.39298
1.56787
2.06433
2.06538
2.19409
1.90065
2.22227
1.86589
2.1926
1.79773
2.24176
2.54501
2.02275
2.47869
1.74774
3.06331
0.967363
3.18009
1.04668
2.66573
1.33292
2.77504
1.14255
2.70895
1.13715
2.76736
1.36585
2.32163
1.44539
2.45783
1.268
2.65362
1.11562
2.48174
1.25277
2.50561
1.06555
2.69444
0.868629
3.64497
0.801926
3.25189
1.03663
2.47277
1.10339
2.49616
1.27031
2.41303
1.10971
2.58576
1.105
2.33396
1.30326
2.37264
1.22392
2.34816
1.23837
2.36498
1.1656
2.29647
1.48977
1.8892
1.41041
2.43012
1.29961
2.52933
1.18501
2.35018
1.36329
2.40045
1.11993
2.64761
1.01518
1.23084
3.19115
1.6506
2.1712
2.15987
1.31805
2.3405
1.40348
2.51583
1.383
2.43576
1.33767
2.39607
1.49338
2.13515
1.48056
2.45201
1.22281
2.48604
1.25603
2.72597
1.14011
2.54153
1.01467
2.49726
1.0159
2.89001
1.11676
1.6824
1.71257
2.44556
1.4864
2.3428
1.46376
2.28929
1.28282
1.39261
2.17437
1.1503
1.70458
1.27006
2.11808
2.30413
1.68501
2.38161
1.76168
2.54465
1.52302
2.57333
1.38558
3.04134
1.38977
2.25365
1.66555
2.38043
1.57396
2.20949
1.47855
2.15919
1.31639
2.28213
1.28178
2.31599
1.50576
1.80874
1.73629
2.17083
1.3143
2.27964
1.30695
2.29773
1.36771
2.22145
1.22963
2.2219
1.42003
2.3271
1.18582
2.41005
1.11236
2.16675
1.42801
2.41473
1.08691
2.42661
1.03594
2.44578
1.364
2.66732
0.780524
2.49622
0.835728
3.37304
1.13433
2.37786
1.24311
2.39673
0.946858
2.63034
0.879862
2.39946
1.34813
2.34631
0.968039
2.48201
1.13392
2.34204
1.19647
2.423
1.04873
2.59083
0.941517
2.3477
1.07381
2.84805
0.735437
3.24315
0.703348
0.470106
6.48587
0.689751
2.35266
2.27067
2.08867
2.40778
2.07002
2.29968
1.42942
2.05934
1.99447
1.95505
2.235
2.19516
1.97229
2.30156
1.45475
2.64716
1.4515
2.48005
1.03423
2.99871
0.746631
3.25556
0.84613
2.94299
1.09055
2.6351
0.843988
2.88945
0.593691
3.17985
1.01279
3.21453
0.874663
3.26268
0.7074
3.31425
0.464819
2.27848
2.22692
2.22082
1.80875
1.80656
2.1622
2.09051
2.35868
1.61462
2.53148
1.22578
2.52007
1.55731
2.52143
1.55793
2.48894
1.24416
2.16986
1.00219
1.92211
1.68574
2.59595
1.15732
2.58024
1.28418
2.38905
1.2054
2.48353
1.28701
2.46333
1.33658
2.46053
1.20364
2.47629
1.27238
2.44137
1.14873
2.13345
1.43491
2.36815
1.37542
2.40338
1.13224
0.944883
3.07906
0.9442
3.03805
1.40697
2.97048
1.6068
2.45016
1.02119
2.52514
0.825297
2.50876
0.851842
2.10077
2.54173
1.8367
2.22913
1.62943
2.2048
2.22547
1.60369
2.17291
1.45197
2.07009
1.20423
2.05072
1.81086
2.16463
1.51189
2.1601
1.01476
0.416294
2.62458
2.54314
2.76255
2.34779
2.97695
2.12979
2.71771
1.82692
2.32353
2.14172
2.31863
1.81439
2.49947
1.90643
1.74846
2.16888
1.25243
2.41695
1.11057
1.9174
1.44426
2.01006
1.33612
2.57838
0.785119
2.98799
1.15753
2.17058
1.15667
2.53775
0.867801
2.46362
0.772189
2.67998
0.653036
0.493312
3.77704
0.810211
2.63271
1.10833
2.06182
1.71599
2.20941
1.30666
2.38196
1.03048
2.44259
1.02881
2.16324
1.04777
2.19222
1.32429
2.10695
1.04695
1.95318
1.5211
2.01003
1.77429
1.94985
1.49056
2.30533
0.959629
2.77766
1.25899
1.33113
1.03483
1.44258
2.87539
1.96571
2.14761
2.06452
1.23557
2.54547
1.11224
2.51104
1.74617
1.17449
3.13756
1.35414
3.50986
1.49186
3.47058
1.26424
3.45303
1.75689
3.24464
1.56792
3.24824
1.58681
3.38522
1.43743
3.25726
1.39508
2.85947
1.49849
3.20539
1.14027
3.3939
0.845451
3.22577
0.983268
3.03147
1.01207
2.46253
1.02237
2.43761
1.30449
2.12174
1.73132
1.92805
1.58603
1.87673
1.46074
1.95726
1.43119
2.17674
1.57659
2.25465
1.3593
2.21604
1.29807
1.91075
1.95599
1.8427
1.4393
0.966062
1.48336
1.85194
2.07575
1.3047
2.09398
1.5586
1.38689
1.3829
2.04685
1.67568
1.52866
2.03722
1.43593
1.83285
1.54708
1.86197
1.81958
1.43777
2.05144
1.52212
2.05985
1.7862
1.72219
1.52757
1.77048
1.41606
1.88421
1.2575
2.34828
1.20654
2.46019
1.14019
2.61405
1.44831
1.50069
2.01757
1.43153
1.72616
1.80799
1.27834
1.12386
0.992845
0.359342
2.57075
0.975951
2.67204
1.15238
2.66696
0.836004
2.28602
0.70252
2.74231
1.15057
2.57026
0.882484
2.34688
0.872227
1.09429
2.65999
1.19243
1.34847
0.691099
2.71555
1.20032
2.42462
0.870505
1.82148
1.03215
1.71031
1.3911
2.38402
0.975895
2.50831
1.7139
1.73425
1.99485
1.42793
0.939301
2.61271
1.25886
2.83067
1.19628
2.3519
1.00969
2.42747
1.14293
2.1462
0.854319
2.00578
0.885949
2.06801
1.12489
2.54341
0.590816
1.04535
1.13155
3.64434
0.836905
3.04749
1.18591
2.77146
1.57512
2.65046
1.41298
2.279
1.70322
2.3701
1.48303
2.64841
1.096
2.96419
0.909578
1.93689
1.54925
1.76929
2.40342
1.85072
1.25657
2.68102
0.903641
1.99065
1.28011
2.0877
1.33663
2.19852
1.26935
0.863285
0.995189
1.71683
1.80797
1.86684
1.6767
1.42637
1.95349
1.23093
2.3146
1.43048
2.01121
1.67207
2.00123
1.33901
1.65803
0.889832
2.0809
1.0283
1.85583
1.2302
2.10342
1.04625
2.01204
0.709657
2.09113
0.658051
2.13498
0.705147
2.03836
1.34845
0.50009
2.20848
0.919946
1.63723
1.6143
1.98736
1.60296
1.83305
1.40741
1.6097
1.44882
1.74295
1.33599
1.966
1.44667
1.86125
1.27289
2.09127
1.486
0.517945
2.05567
0.62929
1.95656
1.3711
1.91605
1.65556
1.5461
1.84775
1.24933
2.10909
0.99632
2.6194
1.03405
2.52005
1.1785
2.19981
1.24861
1.85094
1.23415
0.92326
1.76479
0.732907
0.574408
1.98236
2.68321
1.11662
1.87584
1.70358
1.57632
1.79199
0.645209
0.861236
2.59177
1.27447
2.39488
2.08782
1.89837
1.4508
1.89306
1.55422
1.63583
1.51491
1.79383
1.25814
1.96186
0.931117
2.06245
0.902067
0.4204
3.04772
0.548356
2.62157
0.540093
2.14197
0.871864
2.44713
0.896438
2.2488
1.09368
2.09425
0.778169
1.50031
1.97867
1.5651
2.41251
1.183
2.76997
0.83229
3.08803
0.98884
3.24923
0.899905
3.37548
0.649505
1.66124
0.8777
1.78245
1.78866
1.44506
1.92745
1.41813
1.38992
1.15304
1.95969
1.13902
1.63364
1.44735
1.60985
1.32822
1.6248
0.63054
2.07926
1.62652
2.23469
1.62892
1.70447
1.79689
1.12907
1.71011
0.929448
0.680251
2.2666
1.56867
1.85792
1.70556
1.67985
0.919665
2.08061
0.984378
1.80202
1.49188
1.55748
1.49854
1.38165
1.65662
1.52395
1.68379
0.864753
3.10562
1.17251
2.25532
0.907378
1.95393
0.669152
2.70054
1.23267
2.90705
0.768991
2.58881
0.774046
2.06379
1.45516
2.23328
1.06398
2.13015
1.09786
1.98634
1.28031
2.03022
1.23782
2.07142
0.912437
2.04833
1.35083
2.32446
1.00033
2.43205
1.06952
1.51981
1.31364
1.7381
1.41676
1.69564
1.09024
2.74415
0.676577
1.62927
1.07368
2.44319
0.766182
2.84273
0.722779
2.54017
0.731802
0.714836
0.98357
1.5815
1.64341
1.40921
1.1958
1.40356
1.60887
0.901223
1.75353
1.03508
1.98598
1.22101
1.06313
1.87235
1.14829
1.79546
1.33289
1.36832
1.65362
1.07865
0.773617
1.71956
1.43913
1.72379
1.29292
1.30594
1.56887
1.47519
1.01208
1.56208
1.00777
1.68361
1.08747
1.58125
1.03815
1.79321
1.00402
1.51072
1.05859
1.32889
1.64631
1.79957
0.860263
1.34546
1.46357
0.832701
1.19267
1.05636
1.59529
1.51102
1.24409
1.64436
1.49507
1.50544
1.60312
1.71364
1.271
1.74768
1.18615
1.58204
1.14877
1.77383
1.07811
1.10979
1.40057
1.42168
1.36744
1.59592
1.23045
1.25817
1.30138
1.2541
1.35283
0.752535
1.74185
0.78704
1.59603
0.338856
1.77141
1.46156
1.69468
0.96412
2.43213
0.848643
2.15917
1.13943
1.86709
0.829082
2.08129
1.15908
1.96736
0.797704
1.87913
0.752664
1.02119
1.97233
0.838584
1.06503
1.12834
1.4182
1.22472
1.57608
1.15455
1.58992
1.1427
1.53084
0.821264
1.44576
0.656824
1.46388
1.11064
2.18705
1.31171
1.8075
1.4213
1.90546
0.93716
1.95512
0.775241
2.25808
0.523553
2.03388
0.652657
2.41455
0.496398
1.54205
0.718176
1.92615
0.587372
2.54842
0.745211
2.28432
0.761807
0.263917
2.72217
0.997711
2.19081
1.12511
1.58542
1.71856
0.958815
1.73914
1.33416
1.49123
1.42972
2.05028
1.33629
1.80612
1.06602
2.39284
0.851434
2.43555
0.689642
2.65247
0.683505
1.69244
0.838851
2.39652
0.840681
2.13231
0.827689
2.24185
0.445697
2.62139
0.645375
2.10745
0.443193
1.83573
0.560795
0.672071
1.159
0.480789
2.1229
0.307998
0.3837
0.201433
2.17476
0.605336
1.93711
0.963288
1.76231
1.22074
1.4163
1.46552
1.18906
1.1883
0.50345
1.80736
1.18751
1.53219
0.905721
1.6447
0.759402
1.03396
1.73568
0.959016
2.22556
1.07059
2.03265
0.941415
2.13007
0.864923
1.8256
0.878661
1.74696
0.623201
1.34222
0.968571
1.90542
0.646449
2.50547
0.611589
0.703242
1.46248
1.57244
1.58169
1.39019
0.911516
1.88773
0.496212
2.31153
0.562367
1.31903
0.52224
1.36329
1.15076
1.39814
0.912214
1.90139
0.537355
1.60522
0.930759
1.64917
0.602008
2.00418
0.641864
1.83618
0.70858
1.72384
0.722799
1.00081
1.43457
1.1638
1.40103
1.00249
0.537536
2.39175
0.646506
2.32119
0.727892
1.17404
1.67206
0.89963
0.901671
1.6814
1.11127
1.61183
0.763052
1.21291
1.04684
1.01113
1.22058
0.732232
1.31669
0.391438
0.377803
2.51102
0.939273
1.59843
1.36433
1.40478
1.50357
1.13155
1.35869
1.14824
1.5804
1.63851
1.18376
2.1358
0.589815
2.09371
0.908863
1.677
1.02073
1.67255
1.02768
1.5694
0.939101
1.60603
0.7275
1.38233
0.834957
1.34371
1.1345
1.28301
1.05352
0.971464
0.751387
1.5653
1.15391
0.862473
0.914097
1.27794
1.27593
1.1603
1.17302
0.869566
0.898174
1.26284
0.976529
1.66343
1.4604
1.72599
0.990227
1.63158
1.13184
1.34999
1.26802
0.456629
1.36202
1.07523
1.58615
0.918194
1.60969
0.78365
1.00427
1.16087
1.55014
1.18174
1.04379
1.43741
1.27896
1.44061
0.892713
1.2846
0.844046
1.05784
1.10537
1.60806
1.0101
1.55693
0.781455
1.23669
0.811338
1.08353
1.08187
1.55775
1.1267
1.46973
1.15102
1.39584
1.14443
1.40584
1.16816
0.698985
2.67552
0.384569
1.78525
0.905739
1.65843
0.90949
1.53307
0.943569
1.5107
0.916685
1.50826
0.571652
1.25305
1.02115
1.57682
0.630285
1.58291
0.639815
1.85883
0.562381
1.03322
0.216832
2.83818
0.778102
0.768096
2.43058
1.10829
1.68985
1.31941
1.62553
1.38368
1.67464
1.47267
1.70915
1.40802
0.830348
1.78083
0.773401
1.841
0.916483
1.76883
0.840693
0.988882
1.72004
1.30798
1.71077
1.31602
1.69313
1.06583
1.47561
1.09329
1.12937
1.40747
1.54159
1.36738
1.04305
1.05826
1.69971
1.40707
1.02438
1.46772
0.942503
1.6721
1.14368
1.66222
1.13001
1.68598
0.97983
1.55736
0.8792
1.84167
0.621702
1.50905
0.968855
2.00955
0.492032
0.797566
2.43061
1.18203
1.63031
1.21065
1.56223
1.43817
1.11515
1.55372
1.50817
1.64012
1.43931
1.42426
0.993337
1.08201
1.66194
1.47072
1.62536
1.54175
1.60288
1.3917
1.55881
1.44024
2.13049
1.18696
1.90473
1.37148
1.35606
1.31657
1.12714
1.60796
1.1855
1.39959
0.908696
1.72144
0.970723
1.66355
0.749614
0.814391
1.45343
1.45648
1.60579
1.61621
1.21174
1.81575
1.4638
1.4374
1.4872
1.53209
1.21589
1.86256
0.987398
1.63956
0.984704
1.42823
1.46672
1.39046
1.29729
2.05249
1.23719
1.98377
1.10787
1.53362
1.40858
0.937274
1.21165
1.43488
1.54129
0.814448
1.91909
0.841819
1.86902
0.858752
1.82091
0.513865
1.64188
0.828239
0.421414
2.24141
0.993206
1.88942
1.02386
2.238
1.55843
1.7062
1.23393
1.46129
1.76076
1.45763
0.906715
1.72774
0.880003
0.40905
2.17011
0.89423
0.686479
2.87029
0.945735
2.21246
1.22509
2.2208
1.19243
1.67468
1.61894
1.50376
1.58311
1.42516
1.58818
1.12427
1.73455
0.963797
1.87091
1.27416
0.828178
0.590981
3.16547
0.517718
1.50537
2.40909
1.41525
0.911822
2.41004
0.604226
0.267442
2.68701
1.22286
1.82181
1.29125
1.3034
1.28416
1.68405
1.27667
1.74364
0.698378
1.46967
0.933415
1.88382
0.899335
0.814774
2.37218
0.728922
2.50748
0.723173
2.55105
0.429325
2.31837
0.326127
2.40991
0.81325
0.40311
2.93675
0.435095
2.48855
0.843295
2.06827
0.70462
0.53994
2.3921
0.409608
2.27686
0.817498
1.83089
1.17028
1.52173
1.43625
1.81659
0.614659
2.05125
0.4792
0.650646
2.09179
1.64417
1.62498
1.59794
2.65139
1.12108
1.22338
2.02318
1.0782
2.44411
1.47055
1.61684
1.39985
1.54627
0.657209
0.821227
1.84034
1.75121
2.00081
2.0596
1.56309
0.340682
0.717271
2.22881
1.05245
2.56835
1.0565
1.05635
1.65518
1.3078
1.58407
1.64787
1.39225
0.683357
0.674521
2.36216
0.880689
2.57449
1.30795
1.47547
0.674095
2.55705
1.25674
1.39142
1.47254
1.98605
1.16896
2.60236
1.02292
2.2144
1.2717
2.35461
0.852212
2.58807
0.788162
3.16702
0.557161
1.34929
0.484593
1.70368
0.824116
0.99183
1.06164
1.21532
1.76481
1.23594
0.509863
0.380301
0.171305
1.27346
0.415095
1.19484
1.56255
1.5689
0.704674
2.70352
1.20642
2.67158
0.816624
2.38992
0.886901
2.16084
0.434458
2.83221
0.691228
2.74227
0.493192
2.97623
0.47982
2.92083
0.555284
0.176215
0.790777
1.05295
0.89906
1.99408
0.680967
1.43573
0.923651
1.18471
0.58769
1.04979
0.443633
1.54473
1.0949
1.56173
1.00603
1.26557
0.782811
1.56095
0.463226
1.817
0.571835
1.84511
0.455338
1.26433
1.307
1.41546
1.26799
1.28325
1.88458
1.0336
0.810593
1.35755
0.783436
0.86873
0.706088
1.37914
1.18476
1.41656
0.971883
1.53457
0.547502
2.3754
0.531479
0.97717
1.65739
1.53067
0.533617
0.112368
2.12826
0.590623
2.0663
0.489154
2.1594
0.336628
2.08516
0.340239
1.93629
0.470493
2.15246
0.446719
1.7929
0.494413
2.1722
0.443402
2.23681
0.33764
2.6005
0.549713
2.11664
0.382123
2.06679
0.291144
1.97709
0.49631
1.93579
0.463417
2.0642
0.396225
1.81902
0.638529
1.83
0.262113
2.03263
0.281426
1.9272
0.317727
1.92154
0.442655
1.88162
0.430021
1.8696
0.296738
0.71379
0.788142
1.84674
0.717986
1.84249
0.966176
1.76746
0.427774
1.21013
1.35549
1.64606
1.27929
1.62157
1.16158
1.64015
0.574152
1.69846
0.77662
1.6148
0.852001
1.54817
1.15378
1.48121
1.13893
1.66536
0.745699
1.61964
0.499748
1.92198
0.418339
1.17269
1.43324
1.4866
1.37888
1.52583
0.84742
1.6232
0.803726
2.10447
0.863436
1.91431
0.597358
1.94093
0.670021
1.92992
0.790077
2.12901
0.598233
1.86014
1.15259
0.451524
1.35091
1.53941
1.55438
1.19914
1.5679
1.06423
1.51703
0.827006
0.221828
1.30701
1.74957
2.09393
1.1499
1.73082
1.38162
1.78705
1.54407
1.96176
1.29816
0.285715
2.25042
0.287533
1.14525
1.29984
1.97927
1.33505
0.6322
1.79983
1.09741
1.51034
0.770099
1.74352
0.401963
1.94444
0.415408
2.14802
0.282769
2.23346
0.361382
0.509023
2.2179
0.945037
1.72242
0.473384
1.52054
0.670203
0.17883
2.16342
1.11556
1.89756
1.76884
1.25649
0.867158
1.91099
0.911811
1.81467
0.938943
1.72343
0.884812
1.8049
0.686665
1.86778
0.570122
1.75568
0.762793
1.76445
0.368816
1.4502
1.1127
1.75026
0.355754
2.08402
0.304762
1.53734
0.877396
1.68446
1.35909
1.4007
0.8458
1.71705
0.935469
1.84796
0.670751
1.78959
1.03862
1.68193
1.00117
1.66105
0.427058
1.72187
0.777423
0.21597
1.57217
1.19141
1.92788
0.838498
2.20156
0.558495
2.34768
0.643799
1.88445
0.490451
1.74056
1.23457
0.322799
2.12944
1.91418
1.95631
1.56854
1.91187
1.5848
1.54075
1.50886
1.59071
1.45374
1.81773
1.41726
0.913066
1.62198
0.988296
1.72724
0.507174
1.1345
1.3447
0.804683
1.99472
0.836867
0.29914
0.840213
0.756545
1.57371
1.5505
1.14688
1.56351
0.660501
0.704168
2.45919
0.605249
2.65149
0.684468
2.28738
0.795099
2.18063
0.398153
2.49989
0.624949
0.457896
3.21015
0.906506
2.1668
1.23513
1.90374
1.25521
1.75093
1.30508
1.26222
1.48355
0.964745
1.7891
0.92453
1.87228
0.791452
1.86723
0.801817
1.97352
0.682802
1.97463
0.646522
2.18305
0.546524
0.933215
2.42495
1.19264
2.00944
1.35229
1.19782
1.54028
1.04797
1.65873
0.955351
1.91335
1.03181
1.90837
0.742245
1.96806
0.99037
1.96177
0.730141
2.22053
0.599222
2.40863
0.522213
2.77837
0.490811
1.74316
0.785335
2.06011
0.811954
2.00139
0.830451
2.0402
0.539527
0.882555
2.71018
1.44922
2.48663
1.50501
2.19406
1.68268
1.92044
1.933
2.00613
1.5901
1.9193
1.59501
1.76451
1.83171
1.90498
1.56529
1.86048
1.62141
1.97176
1.52865
1.85977
1.6424
1.9578
1.44058
1.26403
1.8285
1.52507
1.4721
1.02797
1.71786
0.914401
2.02685
1.32911
0.612276
2.69418
0.677913
2.29651
0.908496
1.90034
1.32785
1.6191
1.38384
1.55503
0.790273
2.56054
0.622849
1.8759
0.836661
1.27308
1.39022
1.566
1.25152
1.58082
1.13759
1.46465
1.29312
1.43577
1.34065
1.37507
1.0464
1.63748
1.41403
1.53018
1.39209
1.40285
0.836194
1.63022
0.765331
1.89365
0.481888
0.366858
2.26687
0.444978
1.90909
0.437717
1.22716
1.504
1.51642
1.02817
1.74522
0.64594
1.74736
0.687368
1.78785
1.10873
1.42983
1.05688
1.2918
0.678957
0.402857
0.938424
2.59969
1.01155
2.36761
1.15694
2.10235
1.13416
2.38288
0.952775
2.2747
0.838896
2.47363
0.686234
2.56386
0.807897
2.40203
0.916473
1.5194
1.18623
0.735764
1.37137
0.614237
0.410927
3.00489
0.38654
2.39781
0.927764
1.54515
1.10564
1.49537
0.96211
1.63493
0.820572
1.9286
0.542162
0.970223
1.80718
1.31716
1.0568
1.64201
0.665797
1.67015
0.60905
0.8609
1.46415
1.03108
1.73539
1.02824
1.5963
1.22208
1.71357
1.24695
1.83646
1.0955
1.32593
1.20159
1.4147
1.26099
1.21025
1.37389
1.31828
1.38585
1.29358
1.30351
1.41834
1.13827
1.68141
1.00069
2.21141
0.846596
2.20296
0.825741
2.14269
0.7643
2.2772
0.664357
2.19141
0.626364
2.29243
0.354654
1.96026
0.979403
1.64822
1.17524
1.67279
0.925197
1.87887
0.791966
2.09361
0.663012
2.34039
0.676665
2.28254
0.58998
2.43483
0.66757
2.38451
0.455413
1.80136
0.736023
2.0748
0.736323
1.80267
0.877461
1.22072
1.17264
1.30701
1.0361
0.961879
1.3494
1.03935
1.28855
1.09808
1.31973
0.998069
1.42409
0.901819
1.41378
0.964913
1.5196
0.823806
1.49448
0.781266
1.50859
0.837505
1.58315
0.473617
1.42942
0.832209
1.47435
0.916788
1.29999
1.01989
1.39549
0.886726
1.42618
0.875896
1.52028
0.72986
1.62007
0.668389
1.73256
0.675928
1.77116
0.552577
0.72337
2.13829
0.747987
1.9423
0.669409
1.70909
0.32278
1.06699
0.445078
2.92645
0.31649
3.12113
0.346182
2.60136
0.50036
1.92053
0.581924
1.80502
0.428667
1.7359
0.718475
1.64793
0.635424
1.67771
0.337409
1.31929
2.11752
0.919207
2.17132
1.1788
1.60037
1.19988
1.32201
1.06348
1.50253
0.955054
1.47091
0.514261
1.59781
0.306328
1.16676
2.29423
1.02755
1.92796
1.13065
1.51603
1.57466
1.30932
1.68055
1.10053
1.35463
1.22062
0.998261
1.49076
0.852941
1.55098
0.39167
1.67489
0.504084
1.21413
0.240327
4.08569
0.528745
3.08923
0.806063
2.27408
1.06423
2.13176
1.28022
1.89542
1.41414
1.76541
1.39505
1.48997
1.52858
1.3637
1.5895
1.14668
1.9185
0.769252
2.0386
0.654667
1.96829
0.441612
2.1766
0.515408
2.53708
0.369062
2.49009
0.610112
1.87919
0.683404
0.13376
1.37445
0.195455
1.57443
1.12247
1.4323
1.77163
1.92173
1.74102
1.73141
1.60018
1.27509
1.96758
0.929002
0.922731
1.70244
0.794825
1.75799
0.770682
1.60755
1.18721
1.23072
0.264171
1.524
0.914051
1.46651
1.06379
1.22938
0.719977
1.51533
0.893991
1.56349
0.809843
1.57549
0.751278
1.27069
0.998058
1.36551
0.969529
1.38191
0.484962
1.55084
0.748738
1.47071
0.45449
0.950846
0.0949847
0.495453
2.79205
0.785057
1.97108
1.03161
2.02578
1.10289
1.30677
1.38643
1.25414
1.40692
0.836426
1.41782
0.699342
1.50222
0.502932
1.82873
0.62213
1.61255
0.583937
1.71808
0.6523
1.73155
0.574368
1.5529
0.870443
1.79532
0.528394
1.90158
0.32657
1.93489
0.28547
1.74096
0.223638
2.14049
0.225321
1.28547
1.20094
1.63791
0.983926
1.65515
0.892182
1.50815
0.859418
1.76032
0.829497
1.79121
0.561063
1.77309
0.288631
1.9296
0.505735
1.78011
1.32424
1.71362
1.12948
1.6499
1.24988
1.69883
1.09673
1.86584
0.96154
1.54808
0.476123
1.88353
0.634094
1.88019
0.508907
1.78423
0.52917
1.92509
0.408317
1.77329
0.495009
1.61356
0.812191
1.65708
0.284733
1.44286
0.822396
1.74232
0.831969
1.72026
0.895925
1.67712
0.304406
1.96055
0.259643
2.23891
0.265981
0.95464
2.323
1.27442
1.34192
1.47713
1.47707
1.46992
1.36628
1.53756
1.13875
1.46223
0.698058
1.55011
1.07482
1.68575
0.983883
1.86268
0.463257
1.82486
0.872694
1.77005
0.348114
2.03428
0.226005
1.63217
0.936551
1.94226
0.670213
2.0629
0.53895
2.01539
0.378418
2.16838
0.30945
0.783293
3.05462
1.09547
1.97837
1.23711
1.51246
1.43103
1.53933
1.51
1.39212
1.62908
1.27239
1.67859
0.522866
0.515863
2.26944
0.276109
1.49922
0.858371
1.76039
1.02043
1.71594
0.487454
1.91266
0.317069
1.24
0.634749
1.95388
0.661226
1.80929
0.513854
1.93608
0.636847
1.73454
1.1002
1.75829
0.512445
1.97019
0.539235
1.92264
0.598665
1.91874
0.577144
1.84071
0.832162
2.02094
1.1275
1.75683
0.676094
2.10276
0.655315
1.97926
0.526619
0.955858
1.63408
1.22644
1.53841
0.47781
0.54565
0.625725
3.02629
0.648864
1.16863
1.67836
1.30668
1.50739
0.952623
1.75663
0.753367
1.70028
0.354504
1.52837
1.60156
1.50512
1.67161
2.30094
1.06115
0.812149
2.00068
0.666114
1.83716
0.97984
1.61923
0.343195
1.51737
0.517322
0.65543
2.50753
0.813159
2.07026
0.498458
2.27435
0.31339
2.02005
1.1331
1.81093
0.621036
1.89554
0.541698
1.89599
0.365835
0.165169
3.02927
0.234143
2.03375
0.603314
2.32637
0.514177
1.84193
0.676664
1.68871
0.338855
2.00398
0.427609
0.538675
3.67038
0.89133
2.50411
1.13942
1.52161
1.22156
1.17667
1.44185
1.17388
1.47693
0.702739
1.51819
0.431115
1.65098
0.668728
1.79672
0.491438
2.16419
0.232293
2.20763
0.283185
1.78566
0.404495
1.82504
0.641457
0.0455984
2.27936
0.838425
2.19972
1.07371
2.00976
0.994649
1.88835
0.134071
1.33218
0.536625
2.02314
0.508572
2.00429
0.425928
1.8295
0.419211
2.00318
0.388924
0.672689
2.58322
1.03087
1.69777
1.31328
1.43728
1.20319
1.62644
1.23188
1.36407
1.12221
1.73103
1.41785
1.42636
1.10104
1.72935
1.16286
1.40514
1.03614
1.84837
0.712126
1.25826
1.12511
0.982838
1.33057
0.978563
1.21617
0.91311
1.34527
1.05629
1.50016
0.879387
1.52169
0.717911
1.49606
0.68756
1.47573
0.711318
1.50762
0.367245
1.52502
0.215548
0.752968
2.02271
1.08498
1.26567
1.29776
0.749012
1.51613
0.712317
1.58175
0.405047
1.10976
0.0575841
0.177226
1.12093
1.61299
1.40643
0.946121
1.84933
1.03131
1.77058
1.07114
1.56207
1.08547
1.32566
0.997257
1.47519
1.05305
1.28035
1.10206
1.14908
1.12887
0.593758
1.24125
0.877658
1.4001
0.655456
1.43898
0.548859
1.41839
0.699403
1.38964
0.838968
1.3756
0.725991
1.35186
0.742409
1.30351
0.690138
1.20596
0.940263
1.04428
0.79815
1.0471
0.224684
0.565406
0.877331
1.19026
0.678895
1.48825
0.74273
1.50407
0.592681
1.43577
0.592714
1.4329
0.363942
1.22351
0.631245
1.48813
0.49802
1.5869
0.568776
1.75304
0.466809
1.38156
0.6903
1.3459
0.455704
1.132
0.759832
1.0378
0.887764
1.09275
1.38996
0.826836
1.98286
0.912605
1.87697
0.680958
1.43616
0.858296
1.58639
0.969459
1.67019
1.09193
1.64617
0.906555
0.816309
1.14572
0.879101
1.44881
0.702561
1.64529
0.597881
1.22881
0.568906
1.53146
0.626438
1.47681
0.29134
1.7008
0.472831
1.53645
0.261477
1.85497
0.35746
1.491
0.265337
1.62379
0.445588
1.68053
0.332349
1.76806
0.102525
1.61939
0.525636
1.47095
0.707071
1.35805
1.02802
1.26126
1.14318
1.21663
1.08954
1.27532
1.04526
1.32983
1.04287
1.24757
1.05789
1.33485
1.1632
1.28604
1.19947
1.24814
1.07485
1.34631
0.952984
1.42123
0.738372
1.48978
0.744825
1.46004
0.790387
1.28323
0.936057
1.29791
0.952655
1.23154
0.469597
1.09793
0.287728
0.133099
1.09687
0.703741
1.41861
0.558016
1.45871
0.302472
1.65247
0.40206
1.73123
0.340057
1.6228
0.308022
1.09651
0.942554
1.29916
1.04783
1.31326
0.862823
1.35296
0.726303
1.43691
0.864086
1.12769
1.303
1.12132
1.46459
1.04017
1.5419
1.02794
1.59553
1.20085
1.22577
1.06996
0.489293
1.61244
0.155179
0.758822
1.02269
1.41566
0.75813
1.61901
0.818203
1.54333
0.857052
1.43495
0.848233
1.58647
0.840566
0.854371
0.830133
0.798422
0.927217
1.23455
0.729799
1.75625
0.464938
1.92663
0.679434
1.3942
0.541704
1.30106
0.560099
1.73275
0.594522
1.59153
0.665175
1.60549
0.639293
0.965376
0.589535
1.02795
0.359368
1.98475
0.450191
1.62264
0.644573
1.83828
0.569582
1.4056
0.55542
1.08937
0.895773
0.558859
1.34699
0.182183
0.751298
0.741869
1.4473
0.499288
1.61426
0.415437
1.40457
0.55756
1.65879
0.305704
1.00154
1.05265
1.40652
0.814304
0.60878
2.47339
0.522239
2.48248
0.487859
1.72295
0.725991
1.84217
0.728024
1.04638
0.84134
0.903039
1.20934
0.879813
1.27122
0.388369
1.81883
0.448866
1.5211
0.233832
1.94476
0.306503
1.91044
0.302389
1.74751
0.404295
0.970545
1.24133
1.28614
0.861802
1.53201
0.713555
1.66387
0.556282
1.66002
0.721634
1.5516
1.25441
0.999039
1.32236
1.16408
1.349
1.1822
1.2084
1.25845
1.04087
1.32711
1.03461
1.30571
0.914796
1.34848
0.793746
1.42321
0.809883
1.20605
1.0338
1.20112
0.503509
1.26302
0.498927
1.43997
0.614318
1.3781
0.389447
1.21427
0.525224
1.36975
0.234024
1.23482
0.276402
1.61895
0.469026
1.45874
0.649202
1.37196
0.244377
0.967581
1.39829
1.10277
0.702529
1.18571
0.52842
0.806582
1.29491
1.09001
1.16439
1.18586
0.970942
1.21484
0.884932
1.39161
0.780265
1.36167
0.720399
1.56672
0.572615
0.942061
1.55848
1.09998
0.913058
1.31746
1.06772
0.983267
1.71817
0.990494
1.09334
1.33671
0.821654
1.33425
0.990881
1.44589
0.917224
1.46823
0.970642
1.41152
0.995064
1.12529
1.90725
0.944067
1.83774
1.00862
1.74534
0.958314
1.86924
0.704473
2.819
0.609947
2.05817
0.858447
1.39451
1.16593
1.36205
1.15262
1.21579
1.27947
1.15669
1.20449
0.972357
1.18945
0.712087
1.4511
0.844496
1.43226
0.857985
1.28601
0.515758
1.53107
0.180832
0.81841
1.56613
1.13818
0.854676
1.39587
0.570613
1.50044
0.838104
1.22438
0.787324
1.28818
0.10708
0.820271
0.836399
2.05363
0.480021
2.25246
0.495441
1.85948
0.380219
1.83018
0.330438
1.9499
0.199961
1.86645
0.216754
1.29928
0.588338
1.81454
0.455532
1.91888
0.464035
0.100623
1.86323
0.894171
2.07039
0.869553
1.59206
0.930048
1.77066
0.606319
0.025378
2.07996
1.11162
1.71746
1.36354
1.23497
1.31059
1.19956
1.40035
0.326074
2.12474
0.284833
1.98251
0.24519
1.86164
0.248866
1.50247
0.352633
1.53546
0.309838
1.82309
0.284524
1.9652
0.0897014
2.33135
0.113872
2.07408
0.00575154
1.28116
1.10763
1.45857
0.60323
1.62029
0.51267
1.74197
0.371328
1.77359
0.281046
1.78063
0.813499
1.63622
0.656769
1.68334
0.570864
1.64917
0.238894
1.15952
1.18602
1.31758
0.819159
1.58386
0.768623
1.59759
0.594499
1.58352
0.696283
1.25847
0.676063
1.24562
1.29716
1.2017
0.795318
1.40679
0.243029
1.41093
0.438728
1.57985
0.192584
1.83924
0.152621
1.22967
0.997576
1.40072
0.974382
1.41875
0.84508
1.41889
1.0152
1.22061
0.936441
1.02538
1.76096
0.797248
1.32876
0.853369
1.17191
1.10163
1.15139
1.16347
0.95773
0.870595
1.94496
0.827042
1.86851
0.874283
1.09605
0.897113
1.66863
0.914824
1.82329
0.867312
0.227641
2.17191
0.191424
1.79988
0.170549
1.08615
1.13761
1.19572
0.946526
1.30558
0.739816
1.18751
1.30332
1.08761
0.768108
1.39743
0.229365
1.82445
0.370474
0.914356
1.55038
0.913323
1.32861
1.17557
1.22782
1.10174
1.42164
1.11734
1.273
1.19745
1.23034
1.26629
0.612482
1.21074
0.620602
1.49568
0.574768
1.76649
0.529632
1.53734
0.589646
1.64912
0.482057
1.54388
0.57312
1.73199
0.342861
1.78218
0.14133
1.26515
0.765472
1.53674
0.388795
1.55571
0.332303
1.94991
0.210638
1.74033
0.36842
2.13872
0.153524
1.84675
0.758051
1.30221
0.510724
0.813203
1.55818
0.992751
1.13691
1.26454
0.691824
1.24101
0.657258
1.60964
0.77421
1.40339
0.77356
1.18188
1.41519
1.19955
1.37365
1.14474
1.36047
1.18741
0.741058
1.24611
0.647808
1.51893
0.630088
1.47588
0.628132
1.82238
0.459725
1.64798
0.924317
1.19019
1.57283
1.112
1.44
1.15328
0.571294
1.1821
0.586586
1.40369
0.585497
1.52368
0.678475
1.41123
0.528193
1.46211
0.468413
1.45225
0.591803
1.41128
0.693966
1.38793
0.583994
1.31409
0.765704
1.15904
0.948184
0.90943
1.80961
0.95322
0.845989
1.08296
1.08312
1.22086
1.01217
1.2164
1.07059
1.22107
1.07506
1.1836
0.695741
1.01459
1.43193
1.09079
0.54512
1.08214
0.544893
1.29874
0.959818
1.15982
0.913517
1.2105
0.235505
1.47868
0.367393
1.07163
1.08153
1.19132
0.284779
1.44275
0.175222
0.77104
1.6864
0.952971
1.00754
0.850117
1.05784
0.73466
1.35557
0.510887
2.05256
0.538873
1.91097
0.585953
1.83343
0.792116
1.69258
0.734481
1.7972
0.846106
1.13146
0.198709
3.13908
0.411039
2.31987
0.683327
1.6719
0.699156
0.822729
1.33621
0.73564
1.33956
0.625037
1.43855
0.559478
1.50913
0.49778
1.43211
0.209528
1.64801
1.19525
1.08147
0.676585
1.11007
0.547157
0.683447
1.41486
0.949766
0.984137
0.964818
0.760811
1.32443
0.669366
1.31694
0.660979
1.27449
0.282391
0.948866
0.879456
1.31439
0.714258
1.32104
0.672698
1.48325
0.412482
1.55591
0.319688
1.67781
0.261494
1.61387
0.279554
0.516451
2.19964
0.739195
1.51926
0.806319
1.14836
0.938848
0.880326
0.901806
0.787759
1.28339
0.941336
0.962933
1.08727
0.679668
2.06788
0.631552
1.42865
0.649459
1.30338
0.758798
0.992206
0.703075
1.02549
0.711916
1.00454
0.904132
1.1745
0.809846
1.42337
0.387122
1.25868
0.521826
1.23624
0.782032
1.38202
0.66308
1.04062
0.863993
1.23894
0.842147
0.593654
0.83435
0.596966
1.17489
0.855576
1.0176
0.887723
1.06863
0.819681
1.03578
0.725104
1.07961
0.874082
0.999004
0.283882
1.25068
0.56981
1.08646
0.644888
0.788411
0.969093
0.687572
0.875705
0.596361
1.06836
0.934309
0.526441
1.0052
0.829478
0.984666
0.4574
0.796568
0.79405
0.574965
1.38377
0.435248
1.35707
0.53356
1.0727
0.489713
1.08752
0.644517
0.794531
0.17942
1.14276
0.806797
0.694052
0.433528
1.11024
0.806478
0.70661
0.835057
0.581031
1.00771
0.798627
0.72154
0.973536
0.810044
0.769045
0.780323
0.650269
0.903133
0.909807
0.832858
0.550724
0.604419
1.06989
0.85233
0.624019
1.14446
0.559352
1.1501
0.558645
0.980559
0.497907
0.997741
0.514095
1.40145
0.598955
1.07683
1.21904
0.883482
0.892567
0.852118
0.750676
1.09467
0.506874
1.33657
0.455061
1.1113
0.822998
0.946215
0.70305
1.2005
0.404115
1.35642
0.475983
1.29581
0.724644
0.929011
1.11714
1.03017
0.600843
1.35528
0.509467
1.23017
0.562237
1.13145
0.481057
1.10689
0.59521
0.264203
2.19453
0.607587
1.55636
0.912164
1.05702
0.974265
0.938832
1.24321
0.610845
1.56487
0.541369
1.29623
0.463552
1.45632
0.573583
1.65855
0.472902
1.15839
1.11953
1.26162
0.695167
1.50184
0.620425
1.53423
0.510343
1.63874
0.645937
1.03506
0.643182
1.37464
0.235721
1.81832
0.279989
1.27893
0.294541
1.59369
0.285532
1.11847
0.363873
1.49849
0.281407
1.47803
0.144786
1.26773
0.392155
1.35324
0.272635
1.00738
1.25182
1.33974
0.643812
1.60148
0.271233
1.614
0.190051
1.69978
0.512713
1.64434
0.142528
1.67367
0.101239
0.558704
1.77004
1.0173
0.884985
1.24327
0.419693
1.43541
0.218034
1.72165
0.222812
1.66301
0.293151
1.64019
0.0772451
0.611518
1.85365
0.941547
1.08064
1.29996
0.969203
1.21793
0.545558
1.39481
0.582994
1.496
0.273086
1.16572
0.716339
1.46661
0.366642
1.46651
0.265635
1.19323
0.865867
1.4946
0.478529
1.61615
0.465477
1.70465
0.533848
1.58665
0.234356
1.66122
0.155831
1.69439
0.543225
1.59821
0.212253
1.28673
0.809188
1.60144
0.488328
1.6581
0.615142
1.80699
0.4349
1.53859
0.750873
1.41707
0.614777
1.68786
0.303882
1.67184
0.243187
1.75834
0.798438
1.45237
0.484052
1.62109
0.597484
1.63951
0.23569
1.83402
0.123753
1.45975
0.680222
1.76294
0.632544
1.79169
0.1588
2.01508
0.120955
0.922186
2.13096
0.939111
0.831173
1.88227
0.492086
1.59747
0.722249
1.32074
1.07217
1.4144
0.940068
1.42413
0.546067
1.10498
1.1172
1.35647
0.736554
1.03251
1.4754
1.33062
1.03001
1.50767
0.697813
1.70634
0.754672
1.38543
1.16523
1.49262
1.00755
1.45356
1.05489
1.44946
0.556118
1.52267
0.461929
1.11975
1.15281
1.36967
0.699514
1.36624
0.633312
1.44737
0.578441
1.69805
0.614219
1.46278
1.05483
1.44699
0.985586
1.42336
1.00756
1.36411
0.613667
1.62904
0.665276
1.39329
1.15473
1.31705
0.681516
1.28722
0.609104
1.22647
1.33722
1.17202
0.804714
1.30452
0.532096
1.45394
0.635746
1.44676
0.690875
1.65448
0.613734
1.45864
0.278845
1.2645
0.732728
1.3481
0.391129
1.14335
0.699711
1.39545
0.481621
1.85777
0.310458
1.83315
0.312848
1.78326
0.339028
1.66738
0.58871
1.37188
0.531675
1.58011
0.590144
1.39308
0.56588
1.47874
0.557523
1.61047
0.502637
1.56335
0.612816
1.59053
0.601578
1.34252
0.619903
1.42199
0.352343
1.60414
0.255381
1.83513
0.341387
1.68322
0.503464
1.65198
0.483857
1.48259
0.449298
1.62003
0.303521
1.80093
0.317523
1.56959
0.404161
1.68781
0.417303
1.64264
0.522854
1.74098
0.604742
1.54284
0.251407
1.81096
0.384158
1.76931
0.437859
1.4873
0.427292
1.61457
0.133911
1.79303
0.234983
0.716178
1.91796
0.993027
1.24397
1.3088
0.935477
1.05059
1.43698
1.07008
1.05228
0.749917
1.59118
1.0048
1.24705
0.807806
1.97359
0.740486
1.6219
0.940161
1.66772
0.924723
1.64775
0.779627
1.81196
0.886023
1.16064
1.07845
0.891122
1.05661
1.22683
1.04274
0.830274
0.653642
1.68787
0.869234
1.22466
1.10341
1.23751
1.14203
1.15772
1.21861
1.0287
1.20904
0.703472
1.29165
0.573803
1.03507
0.865247
1.23652
0.891074
0.963016
0.797461
1.29599
0.864189
1.18744
0.542837
1.04521
0.725557
1.20412
0.582898
1.35304
0.738922
1.00477
0.337933
0.89748
0.166484
0.366251
2.60384
0.57447
1.6404
0.880085
0.947627
1.15381
0.427893
1.4773
0.334511
1.16406
0.682161
1.32082
0.641357
0.913472
1.38481
1.12138
0.829126
1.25169
0.637553
1.36826
0.519959
1.04123
1.09782
1.28721
0.805599
1.22655
0.832021
1.07251
1.12968
1.12523
1.05964
1.25732
0.839546
1.40271
0.738922
1.38517
0.850509
1.45202
0.594272
1.16406
0.833492
1.18829
0.571775
1.12633
0.677316
1.37664
0.450505
1.613
0.42406
1.16971
0.649811
1.33973
0.638748
1.28759
0.850285
1.16899
1.00631
1.17165
0.447734
1.13863
0.493257
1.43553
0.591886
1.33698
0.288521
1.24119
0.540628
1.27787
0.407584
0.859545
0.782559
0.832094
1.04122
1.21118
0.889325
1.13842
0.747999
1.13291
0.666045
1.26042
0.534811
1.29489
0.472345
0.956504
1.07311
1.21315
0.973421
1.24988
0.583241
1.31756
0.598282
1.22965
1.01602
1.25419
0.617353
1.28931
0.551649
0.875136
1.56075
1.02255
1.25194
1.14528
0.968123
1.2364
1.1699
1.23772
0.841692
1.19437
0.857242
1.19097
0.839106
1.07164
1.52529
1.04063
1.08886
1.26493
0.635157
1.48724
0.511533
1.46771
0.825253
1.53553
0.50669
1.16525
1.65465
0.989043
1.06533
1.27427
0.597766
1.43545
0.349672
1.0184
0.989402
1.2571
0.664548
1.1519
0.534726
1.45828
0.42665
0.890172
1.4952
1.0155
1.17254
1.21904
1.23438
1.14291
0.946539
1.11391
0.818647
1.15354
0.829561
1.21331
0.749975
1.1455
0.841338
1.19765
0.765064
1.2034
0.565241
0.982064
1.08093
1.14823
0.875693
1.23783
0.706757
0.820385
1.71109
1.16105
1.05862
1.36149
0.962797
1.24577
0.726452
1.30371
0.65674
1.3199
0.589558
0.998483
1.00818
1.35717
0.614059
1.35928
0.615671
0.911038
1.48222
1.10162
1.11252
1.33196
0.777761
1.3979
0.666729
1.65749
0.483364
0.521086
1.52775
1.1562
0.971009
1.2363
0.867513
1.27894
0.712728
1.51042
0.461127
1.51688
0.456189
1.52722
0.512846
1.3412
1.08001
1.01037
1.21496
1.25828
0.925878
0.938531
1.15729
0.998489
0.787157
0.811963
1.18988
1.08884
0.764627
0.813116
0.992641
1.06511
0.71145
0.817843
0.950806
1.23145
0.491583
1.05577
0.722737
1.04365
0.697584
1.12616
0.618927
1.29135
0.688134
1.08674
1.03454
1.08432
0.578976
0.818889
0.948327
1.08401
0.740722
1.10479
0.620528
0.873898
0.657305
0.613937
1.70997
0.919306
1.10262
0.986391
1.02652
1.26795
0.58315
1.32023
0.46931
0.974802
1.05149
1.28139
0.680688
1.10969
0.753061
1.31708
0.473038
0.951243
1.13176
1.16829
0.876285
0.908791
1.08928
1.06201
0.784542
1.03508
0.767972
1.08158
0.646692
0.696107
1.25049
1.00336
0.917361
0.960415
0.880467
0.938502
0.92609
1.14046
0.624022
0.617115
1.13343
0.973488
1.3011
1.10991
0.927788
1.25491
0.637342
1.02146
0.733344
1.22651
0.636203
1.26779
0.558049
0.926435
1.18104
1.23166
0.92891
0.868123
1.51482
0.882617
1.1766
1.05154
0.917933
1.06363
0.977434
1.21114
0.729807
1.03631
0.299717
1.66519
0.428276
1.06933
0.719175
1.2986
0.407876
1.07672
0.463645
1.41335
0.31166
1.34832
0.383732
1.45792
0.305161
1.33703
0.251532
1.03644
0.428708
1.44804
0.0535691
1.44096
1.41728
0.313699
1.79883
0.0453192
0.454656
2.64535
0.767942
1.6374
0.751625
1.36167
0.822766
1.21374
0.908075
1.15394
1.12179
0.933574
1.01759
0.949079
0.972043
0.931486
1.19286
0.667304
1.20135
0.544635
0.983766
0.679608
1.25313
0.514448
1.49489
0.466195
1.27484
0.739735
1.46783
0.567273
1.38013
0.610535
1.14278
0.82912
0.696817
2.16551
0.832704
1.73596
0.973331
1.46787
1.00843
1.41494
1.26932
1.26713
1.16834
0.781545
1.43957
0.574087
0.816106
1.83958
0.736612
1.53394
0.862262
1.29234
1.02111
1.00004
1.17505
0.696753
0.860979
0.987253
1.1818
0.708779
1.05358
0.725572
1.29168
0.478053
1.41743
0.406289
1.04537
0.824907
1.33076
0.604406
0.990227
0.855726
1.17437
0.787486
1.37253
0.479774
1.46942
0.379826
1.35639
0.430924
1.63701
0.286939
1.34052
0.706193
1.61793
0.399573
1.71129
0.486389
1.35844
0.828853
1.44159
0.829088
1.53227
0.578717
1.49448
0.711809
1.5103
0.427045
1.77023
0.352874
1.80635
0.345135
1.57892
0.0253116
0.741712
2.37915
0.692887
2.44731
0.906916
1.62142
1.03502
1.32162
1.11209
1.12003
1.14991
0.860182
0.761348
1.99149
