447.394
431.596
416.675
403.221
391.429
380.668
370.869
361.695
352.641
344.136
335.878
329.078
323.358
317.926
312.806
307.647
302.119
296.086
290.403
284.766
279.343
274.354
269.394
264.744
260.254
255.875
251.573
247.295
243.346
239.63
236.285
233.353
230.535
227.67
224.763
221.765
218.66
215.581
212.454
209.232
206.042
202.871
199.784
196.72
193.674
190.753
187.841
184.975
182.196
179.431
176.883
174.51
172.249
170.199
168.255
166.378
164.645
162.972
161.403
160.022
158.768
157.485
156.151
154.874
153.572
152.214
150.851
149.471
148.168
146.945
145.839
144.803
143.817
142.857
141.898
141.004
140.106
139.215
138.384
137.58
136.776
136.018
135.403
134.809
134.174
133.496
132.816
132.117
131.418
130.79
130.176
129.51
128.816
128.088
127.335
126.558
125.87
125.212
124.586
124.006
123.407
122.795
122.17
121.542
120.943
120.308
119.63
118.927
118.222
117.523
116.837
116.148
115.442
114.719
113.947
113.092
112.189
111.262
110.369
109.464
108.611
107.739
106.871
105.991
105.094
104.239
103.454
102.742
101.977
101.144
100.284
99.4422
98.7149
98.0538
97.4191
96.8256
96.3042
95.7966
95.2224
94.5671
93.8217
93.0975
92.3776
91.6332
90.8909
90.17
89.4833
88.8055
88.1426
87.4446
86.7258
85.9794
85.2104
84.4294
83.6452
82.9069
82.2224
81.5489
80.8715
80.1842
79.5074
78.8755
78.2521
77.6317
76.9884
76.3435
75.6952
75.0493
74.3994
73.7387
73.0519
72.3195
71.5918
70.8804
70.1842
69.4788
68.7574
68.0454
67.3529
66.6615
65.9459
65.2394
64.5346
63.8238
63.1194
62.4192
61.7569
61.0756
60.3906
59.7101
59.0682
58.4704
57.8813
57.2814
56.704
56.1251
55.513
54.9555
54.391
53.8181
53.2744
52.7505
52.2153
51.6864
51.1554
50.6102
50.1293
49.6067
49.0244
48.4562
47.8945
47.3277
46.7371
46.1198
45.5068
44.8345
44.1707
43.4889
42.7955
42.1021
41.4216
40.7285
40.018
39.3634
38.7789
38.1598
37.5905
37.0419
36.5408
36.038
35.5569
35.1011
34.6789
34.2908
33.9205
33.5569
33.1873
32.8315
32.5069
32.2057
31.9157
31.6441
31.3812
31.0609
30.7443
30.4353
30.1004
29.7626
29.5041
29.2642
29.0238
28.7988
28.609
28.4004
28.1996
27.9664
27.702
27.4427
27.2102
26.9463
26.6848
26.4369
26.2005
25.9691
25.7317
25.4314
25.139
24.8806
24.6215
24.3741
24.1429
23.933
23.7205
23.509
23.3083
23.1722
23.0263
22.9082
22.8005
22.6929
22.6145
22.5805
22.506
22.4388
22.355
22.2578
22.1624
22.0387
21.8927
21.7692
21.642
21.5151
21.405
21.2965
21.1745
21.0705
20.9644
20.8496
20.7406
20.6268
20.5029
20.3795
20.2471
20.1091
19.9674
19.8324
19.711
19.6213
19.5267
19.4396
19.3699
19.3225
19.2699
19.2225
19.1726
19.1231
19.0732
19.0119
18.9622
18.8963
18.8293
18.7556
18.6942
18.6309
18.5788
18.5225
18.4726
18.3987
18.3238
18.2452
18.1738
18.0882
17.997
17.9304
17.8611
17.7732
17.7043
17.6501
17.574
17.5049
17.4293
17.3621
17.3173
17.2758
17.2448
17.2283
17.2142
17.2174
17.1959
17.2033
17.2098
17.2059
17.1829
17.1901
17.2241
17.2041
17.1855
17.1323
17.1015
17.0472
16.9575
16.8924
16.8039
16.6954
16.6261
16.5724
16.4824
16.3956
16.2985
16.2199
16.124
16.0226
15.9236
15.7959
15.655
15.5839
15.4752
15.3461
15.255
15.1707
15.1205
15.0824
15.025
14.9686
14.9546
14.9026
14.8122
14.7198
14.6297
14.5168
14.4048
14.3
14.2407
14.1533
14.0929
14.0315
13.95
13.8317
13.7074
13.6433
13.5892
13.543
13.5137
13.422
13.3687
13.328
13.2777
13.2495
13.2159
13.1853
13.1368
13.1154
13.0715
13.0223
12.9718
12.9347
12.9229
12.899
12.8929
12.8747
12.8631
12.8401
12.8117
12.7659
12.7159
12.6639
12.6078
12.5406
12.4687
12.4268
12.3928
12.3309
12.28
12.2355
12.1796
12.149
12.0931
12.0195
11.9713
11.9275
11.8778
11.8047
11.7262
11.6544
11.6324
11.5614
11.5101
11.427
11.3469
11.2934
11.2755
11.2096
11.1553
11.1383
11.1226
11.0953
11.0422
10.9753
10.9221
10.88
10.8338
10.7896
10.7251
10.643
10.5736
10.5097
10.4481
10.3553
10.2553
10.1657
10.085
10.0254
9.96674
9.91976
9.89301
9.86175
9.82188
9.78188
9.75614
9.73773
9.71485
9.69319
9.66082
9.62733
9.58205
9.52255
9.45586
9.38664
9.30082
9.2257
9.16171
9.10291
9.0463
9.00969
8.96393
8.90629
8.85031
8.84379
8.80355
8.77753
8.73858
8.68693
8.65853
8.62518
8.59184
8.5455
8.51477
8.47854
8.4259
8.38838
8.35077
8.30785
8.26322
8.22016
8.18812
8.14833
8.10023
8.06662
8.04074
8.00853
7.96827
7.93586
7.91016
7.853
7.82037
7.78731
7.74635
7.7025
7.66743
7.64019
7.59467
7.5712
7.5373
7.51167
7.48696
7.44646
7.40874
7.35325
7.29503
7.25266
7.23022
7.19039
7.15336
7.10881
7.05387
7.02475
6.98212
6.95209
6.9216
6.86024
6.8224
6.77364
6.72127
6.68584
6.6417
6.60577
6.55402
6.51375
6.47476
6.43095
6.39797
6.36609
6.32478
6.28154
6.24362
6.21664
6.17175
6.13377
6.11901
6.08609
6.05653
6.02739
6.0029
5.96837
5.93992
5.90661
5.8814
5.83675
5.80766
5.7789
5.74669
5.7206
5.69256
5.66048
5.63184
5.5974
5.56421
5.52977
5.50059
5.477
5.43353
5.40387
5.37358
5.33319
5.29718
5.29016
5.29194
5.24822
5.22669
5.21815
5.16475
5.15172
5.14225
5.12176
5.1022
5.09493
5.07153
5.02562
4.96294
4.92774
4.91964
4.90883
4.91102
4.90221
4.87766
4.85862
4.82253
4.79924
4.76779
4.72978
4.72936
4.73986
4.72347
4.69094
4.64608
4.6416
4.62927
4.58986
4.56876
4.55223
4.5195
4.47071
4.44353
4.42227
4.38953
4.42838
4.38841
4.326
4.33527
4.29752
4.24103
4.24421
4.24339
4.19585
4.15209
4.12215
4.10655
4.09128
4.06716
4.02893
4.01315
3.9699
3.92263
3.93105
3.90489
3.83662
3.80052
3.77635
3.73815
3.72664
3.70511
3.68555
3.63937
3.63382
3.60447
3.56184
3.54738
3.54282
3.53779
3.53406
3.50138
3.45374
3.46656
3.42668
3.38433
3.35662
3.31475
3.28394
3.23721
3.23082
3.18431
3.1263
3.13046
3.13653
3.14026
3.09994
3.08585
3.05654
3.00804
2.99155
2.98421
2.96854
2.93323
2.9091
2.88984
2.86358
2.82936
2.83501
2.79345
2.78344
2.77861
2.7251
2.69979
2.68143
2.64796
2.63436
2.6195
2.60118
2.57707
2.54873
2.52495
2.51719
2.49703
2.47431
2.44909
2.42912
2.41674
2.38698
2.37056
2.3585
2.33104
2.31191
2.28025
2.27679
2.25018
2.2222
2.20742
2.1965
2.1656
2.16993
2.15445
2.12871
2.122
2.10478
2.07113
2.06317
2.05125
2.06255
2.05016
2.03108
2.01827
2.00482
2.0116
2.01496
1.99985
1.99568
1.99975
2.00307
1.98132
1.94534
1.93754
1.92648
1.91634
1.90537
1.88959
1.87267
1.84634
1.86429
1.83812
1.8192
1.80027
1.77979
1.76394
1.7475
1.73285
1.72223
1.71289
1.68398
1.67299
1.6581
1.66207
1.64262
1.62461
1.61496
1.6101
1.58252
1.5763
1.55942
1.55114
1.5424
1.53477
1.53217
1.52284
1.50571
1.49637
1.48839
1.47155
1.45772
1.44594
1.42957
1.41391
1.39685
1.37641
1.3638
1.35011
1.33068
1.32232
1.32169
1.31693
1.31802
1.31436
1.31057
1.2956
1.28696
1.28716
1.28378
1.27052
1.2618
1.2587
1.254
1.24685
1.24295
1.23872
1.23341
1.22832
1.23014
1.21582
1.21124
1.20289
1.19783
1.1931
1.19313
1.18792
1.17861
1.18259
1.1817
1.17741
1.17233
1.16751
1.15693
1.16149
1.1543
1.14926
1.14297
1.14203
1.1292
1.12068
1.11695
1.11612
1.11183
1.10064
1.09635
1.09303
1.08703
1.08381
1.07756
1.07311
1.06862
1.06139
1.06332
1.05889
1.04724
1.04329
1.04784
1.03566
1.0233
1.02035
1.01758
1.01534
1.01991
1.01496
1.00675
1.00084
0.997098
0.982873
0.977133
0.981494
0.972825
0.964612
0.973694
0.957882
0.951178
0.951585
0.950888
0.93807
0.933149
0.935712
0.928267
0.919455
0.916321
0.912574
0.908677
0.908579
0.90443
0.898691
0.896593
0.892942
0.882281
0.881386
0.876899
0.865174
0.86058
0.857967
0.857482
0.848266
0.850315
0.843758
0.835931
0.833504
0.821995
0.819637
0.813376
0.804818
0.795591
0.791579
0.783518
0.778806
0.768796
0.762528
0.757561
0.75137
0.743093
0.739852
0.743211
0.735239
0.734259
0.727613
0.725213
0.722783
0.706272
0.705753
0.694723
0.692782
0.694744
0.684649
0.6785
0.675694
0.671565
0.665555
0.660159
0.654194
0.654336
0.646564
0.640694
0.635693
0.62942
0.627069
0.628435
0.616107
0.602869
0.601644
0.594442
0.586267
0.578821
0.57416
0.566902
0.567181
0.555406
0.559264
0.555372
0.547551
0.54505
0.538319
0.539859
0.532696
0.518363
0.517352
0.515707
0.511621
0.50881
0.502205
0.503689
0.499747
0.49379
0.490482
0.482881
0.475869
0.475671
0.468559
0.477604
0.460446
0.457128
0.450984
0.440153
0.433385
0.435403
0.428925
0.427038
0.427207
0.429165
0.428189
0.416422
0.418173
0.415615
0.40984
0.412832
0.409271
0.411172
0.406821
0.411834
0.402837
0.400938
0.398871
0.398241
0.395809
0.399831
0.394075
0.389841
0.388471
0.387267
0.385271
0.392361
0.386363
0.379844
0.377888
0.376211
0.373503
0.372425
0.370774
0.367578
0.363585
0.361554
0.359569
0.357888
0.355024
0.353142
0.350467
0.349431
0.346825
0.345567
0.343762
0.342227
0.340078
0.340641
0.335364
0.332107
0.330884
0.329107
0.326531
0.324521
0.321998
0.319685
0.319932
0.319974
0.319189
0.312749
0.313027
0.313671
0.307948
0.306956
0.311003
0.305478
0.305931
0.303662
0.298755
0.297436
0.29829
0.296067
0.293581
0.287611
0.287978
0.287633
0.284852
0.280439
0.282259
0.28104
0.279299
0.272837
0.274563
0.273346
0.276497
0.270833
0.261953
0.259572
0.262603
0.265408
0.255913
0.24944
0.249643
0.253783
0.259611
0.257301
0.249211
0.243528
0.239065
0.231854
0.22755
0.223896
0.218822
0.215774
0.214304
0.21877
0.212873
0.207411
0.210968
0.203226
0.198631
0.19525
0.188982
0.186602
0.1841
0.185221
0.176953
0.174562
0.173383
0.170011
0.170409
0.166113
0.164471
0.159788
0.158429
0.158384
0.160309
0.150992
0.151906
0.148597
0.147243
0.148796
0.145189
0.147105
0.140194
0.140814
0.135314
0.132295
0.13037
0.127044
0.126252
0.122652
0.119494
0.119513
0.113661
0.111017
0.110739
0.108103
0.110104
0.102446
0.0989323
0.0997896
0.0989231
0.0952004
0.0933331
0.090887
0.0893355
0.0871518
0.0835363
0.0781707
0.0785412
0.076805
0.0716947
0.0754446
0.0737073
0.067052
0.0651453
0.0683726
0.0640083
0.0661883
0.0605869
0.0574153
0.0554173
0.0570133
0.0558204
0.0498643
0.0471818
0.0440105
0.0413953
0.0391858
0.0363004
0.0333398
0.0304343
0.038957
0.0328744
0.024199
0.0242628
0.0383701
0.0392118
0.0323677
0.0326958
0.0403647
0.0453886
0.040961
0.0349511
0.0365223
0.0425271
0.0369492
0.0379368
0.0254566
0.0195462
0.0204992
0.0217113
0.036006
0.0234469
0.0303379
0.0353871
0.0342644
0.0275383
0.0244897
0.0397271
0.0326126
0.0241245
0.0154566
0.00549769
0.0134208
0.0134324
0.00101963
0
75.7118
72.757
67.1622
59.3151
51.0104
42.8232
34.8882
28.9254
23.6797
20.5814
18.9202
18.4198
18.5063
19.0617
19.6275
19.9025
19.8433
19.9
19.9482
19.7903
19.6767
19.5023
19.1353
18.5443
17.7522
16.8772
15.975
15.1499
14.4503
13.9161
13.4271
13.2697
13.1353
12.9507
12.6733
12.3625
12.0514
11.7702
11.4912
11.2792
11.0978
10.8712
10.6963
10.5144
10.2786
10.0122
9.73623
9.46356
9.18551
8.88782
8.61608
8.425
8.224
7.98337
7.73699
7.50516
7.26309
7.01525
6.7959
6.61392
6.41925
6.22057
6.04531
5.8788
5.68948
5.57859
5.42582
5.29196
5.15538
5.00798
4.87843
4.74058
4.65005
4.57756
4.44783
4.3439
4.25584
4.15872
4.08674
3.97985
3.87507
3.77248
3.79325
3.76551
3.64826
3.53834
3.48272
3.42922
3.40404
3.35859
3.26038
3.19607
3.12923
3.07099
3.00181
2.9263
2.87186
2.84468
2.73659
2.69382
2.64943
2.60382
2.54194
2.48554
2.48974
2.45753
2.36582
2.35201
2.33218
2.27953
2.19628
2.16748
2.17344
2.10463
2.05504
2.05559
2.04201
1.99763
1.92281
1.89205
1.87836
1.85864
1.82104
1.79027
1.76256
1.73606
1.70196
1.67388
1.64467
1.62648
1.5922
1.56108
1.52481
1.49181
1.4706
1.44157
1.40677
1.37917
1.35013
1.31728
1.28106
1.2702
1.25374
1.23644
1.22339
1.20504
1.18576
1.16995
1.15408
1.14122
1.11862
1.10832
1.08468
1.06787
1.04862
1.02934
1.01927
1.00342
0.991731
0.969313
0.953615
0.941565
0.928821
0.912102
0.899902
0.884619
0.869517
0.853637
0.836894
0.820134
0.80296
0.789232
0.773962
0.756279
0.738894
0.721709
0.708508
0.693731
0.675309
0.658692
0.650475
0.634861
0.625445
0.613158
0.59683
0.581911
0.575604
0.564761
0.549407
0.541481
0.535093
0.527764
0.521319
0.52554
0.51102
0.506922
0.505251
0.503955
0.505494
0.494553
0.487775
0.484712
0.481701
0.478212
0.474379
0.47551
0.477485
0.464806
0.466905
0.461909
0.464089
0.458168
0.454111
0.448543
0.445415
0.441337
0.438545
0.437781
0.431204
0.426306
0.434204
0.418195
0.426129
0.411459
0.408202
0.406782
0.39799
0.41098
0.396094
0.384906
0.384286
0.375995
0.373035
0.377638
0.36685
0.3633
0.359938
0.36004
0.355353
0.348137
0.343518
0.346364
0.336639
0.334478
0.333416
0.328828
0.325064
0.321667
0.315549
0.315847
0.3129
0.30453
0.296907
0.300073
0.297498
0.289435
0.288342
0.274122
0.270492
0.266361
0.262443
0.2586
0.257278
0.252297
0.244692
0.23929
0.233436
0.231919
0.225486
0.226583
0.215927
0.210307
0.204449
0.200586
0.197307
0.191542
0.187165
0.182567
0.177736
0.17247
0.170019
0.171525
0.160092
0.158635
0.155059
0.156053
0.148465
0.159232
0.14847
0.133107
0.140753
0.12664
0.122819
0.119777
0.107778
0.105436
0.0997263
0.0950662
0.091511
0.0927896
0.0843612
0.0804137
0.0762417
0.0743228
0.0680847
0.0659624
0.0631011
0.0551696
0.0517224
0.0459916
0.0406346
0.0376508
0.0371816
0.0270605
0.0249766
0.0223425
0.0192338
0.0159858
0.0101957
0.00511495
0.00711691
0.00741315
0.001393
0
35.1991
33.6171
31.1919
28.2554
25.6169
23.2005
21.4971
21.1332
22.0819
23.8342
25.491
26.747
27.4692
27.7974
27.733
27.4056
26.5818
25.4169
24.1322
22.6666
21.3108
19.849
18.4224
17.3324
16.584
15.7959
14.9796
14.2441
13.5733
12.8746
12.2816
11.8115
11.3544
10.9559
10.5178
10.0899
9.70657
9.39501
9.09281
8.76615
8.50104
8.20013
7.88006
7.51207
7.15488
6.80004
6.56121
6.32425
6.10661
5.91766
5.85863
5.81116
5.71598
5.57574
5.40918
5.2472
5.06881
4.89562
4.73774
4.59534
4.50092
4.41889
4.30983
4.18073
4.06339
3.92326
3.82384
3.70222
3.55304
3.44504
3.36116
3.24118
3.11388
3.00891
2.93403
2.86348
2.7743
2.68656
2.58673
2.50324
2.41428
2.32414
2.23632
2.14775
2.08571
1.99377
1.96917
1.92326
1.89566
1.85224
1.81445
1.79436
1.76513
1.71877
1.66915
1.63377
1.604
1.57493
1.51715
1.49394
1.4577
1.39379
1.35069
1.30727
1.26049
1.21448
1.17411
1.13622
1.11885
1.07613
1.04399
1.03163
0.996858
0.955499
0.912317
0.883359
0.852705
0.822421
0.787529
0.767511
0.762127
0.769734
0.741735
0.714248
0.695959
0.683494
0.670864
0.664644
0.651519
0.639889
0.63134
0.621566
0.611927
0.601618
0.595885
0.580529
0.569725
0.558345
0.546434
0.540643
0.53106
0.519197
0.512796
0.503943
0.494906
0.48617
0.475978
0.466075
0.455456
0.444821
0.434244
0.431637
0.416195
0.405764
0.396762
0.388316
0.377517
0.367637
0.356985
0.346476
0.339407
0.326765
0.326224
0.309553
0.300993
0.291583
0.284586
0.275441
0.271357
0.26767
0.264255
0.260764
0.257204
0.258468
0.25084
0.247954
0.244935
0.241794
0.238542
0.23519
0.231744
0.230522
0.226138
0.22384
0.221343
0.218664
0.21582
0.213679
0.211288
0.209768
0.206929
0.204454
0.201853
0.20201
0.196788
0.194298
0.19364
0.189113
0.186424
0.183625
0.180726
0.177736
0.175104
0.173042
0.173295
0.202004
0.168292
0.165974
0.164007
0.161855
0.159609
0.164983
0.162029
0.15538
0.154329
0.152998
0.155202
0.149967
0.148275
0.146363
0.144253
0.146479
0.14076
0.139289
0.137574
0.135639
0.133504
0.131189
0.128711
0.131123
0.123399
0.120582
0.118258
0.115814
0.109809
0.10927
0.123302
0.100848
0.0990103
0.0969534
0.0946967
0.0966884
0.0901815
0.0879045
0.085446
0.0828234
0.083536
0.0779481
0.0756431
0.0731555
0.0705017
0.0676976
0.0647573
0.0616932
0.0585169
0.0631617
0.0527789
0.0573032
0.050995
0.0476043
0.0472835
0.0432617
0.0403561
0.0373159
0.0607772
0.033183
0.0318861
0.04309
0.0407876
0.0374942
0.0339241
0.0214544
0.0245943
0.0250813
0.027696
0.0201857
0.0106058
0.00912892
0.0106467
0.00595005
0.00412962
0.00542781
0.00401519
0.00350262
0.00718688
0
43.7575
42.0603
39.1799
35.7459
32.3401
29.0811
27.1397
25.9296
24.9986
24.2322
23.4086
22.3256
20.5867
18.5919
16.7636
15.1628
14.0838
13.069
12.5957
12.0326
11.5942
11.129
10.7958
10.473
10.1512
9.64701
9.15516
8.74868
8.3992
7.99701
7.64162
7.32198
6.98393
6.4444
5.92245
5.54166
5.20703
4.83781
4.47272
4.21471
4.03651
3.96648
3.84881
3.70677
3.64669
3.55417
3.41471
3.2158
3.05263
2.96457
2.77298
2.57669
2.51437
2.4407
2.3418
2.26342
2.13543
1.99978
1.89726
1.83009
1.75562
1.68782
1.61632
1.52626
1.42001
1.31378
1.20968
1.09674
0.96266
0.89393
0.82502
0.781172
0.776677
0.722965
0.651707
0.65124
0.587899
0.57993
0.546613
0.510421
0.478851
0.456796
0.430626
0.400145
0.380461
0.345323
0.300833
0.267667
0.264108
0.236621
0.18524
0.148502
0.128478
0.0977164
0.0883335
0.0720215
0.0574577
0.0414317
0.0303216
0.0155108
0.00412566
0.00499865
0.00499241
0
