574.822
470.934
401.872
352.559
310.08
271.726
245.693
224.617
204.502
189.717
176.107
164.297
155.282
145.829
138.038
129.646
121.292
114.86
107.377
102.021
96.8913
89.1619
82.7175
78.3952
76.8604
69.1328
66.359
62.1303
64.5644
56.4153
55.3443
51.4696
52.8667
48.3347
47.8849
43.5555
42.3135
39.8066
38.2601
38.1797
41.939
36.9839
33.9715
32.7404
31.2797
30.7057
28.9478
28.401
27.3559
26.797
26.4108
26.0959
24.8122
25.2554
24.8562
23.9422
21.4685
19.2005
18.0852
18.1224
15.8712
16.3412
16.2202
19.5932
15.3575
15.5537
13.1624
13.5629
12.2718
11.9618
10.7553
9.68249
10.6906
9.43211
11.1528
8.65588
8.21429
7.86518
11.1363
7.60418
7.302
6.6525
7.4534
7.21597
5.71892
6.61011
8.69618
4.80157
5.00147
4.40049
4.83749
6.50883
4.60532
5.14704
4.30023
3.58834
3.11045
4.71792
3.87865
3.72063
4.10382
3.3079
3.26857
2.68835
3.57285
2.60501
2.05921
2.02338
2.84665
4.08913
2.66335
2.05893
2.82388
3.4169
3.8595
5.09325
5.93503
2.7402
1.94236
1.34717
1.93903
3.79209
1.79042
2.18226
2.26963
4.95131
2.66042
3.03606
4.24078
6.26347
3.12093
3.47488
2.33734
0.877519
0.677564
1.32531
2.44944
1.3208
3.5058
1.71728
2.05496
0.964179
1.45129
2.85179
2.09871
2.38096
4.50509
2.12457
2.45735
3.03872
1.28467
0.296721
0.902256
2.08172
3.51909
2.27827
1.40357
0.692614
1.0114
2.33681
1.70925
1.13251
1.42661
5.05555
5.17782
2.78646
1.11892
1.86292
1.29226
0.114811
1.40064
4.44009
2.51613
0.434438
1.26887
3.08432
0.622875
0.873226
3.74041
1.96533
0.796668
0.63628
1.77769
0.75297
0.809236
3.62288
1.49228
0.732427
0.979143
2.93291
3.44573
3.69918
2.57579
2.29815
1.02436
0.186593
0.400558
0.707238
0.301643
0.825631
0.881399
1.78997
0.447569
0.435251
0.171718
0.335855
0.148694
0.409264
0.121365
0.440498
1.11466
2.58046
2.61449
2.66388
2.73673
2.92389
1.80832
0.357338
0.25619
1.66973
0.899834
1.70876
0.537923
1.16543
3.33929
1.47211
0.306819
0.239949
0.160882
0.319791
1.09918
1.29114
3.60549
4.45996
1.509
1.35563
1.39075
0.452435
0.166922
0.0512686
0.236861
0.0436091
0.30071
0.0292148
0.0821852
0.326474
0.160321
0.295413
0.244609
0.273142
3.33202
4.08116
2.39917
4.77218
4.50304
5.43681
1.06291
0.157405
0.195062
1.2985
0.485822
0.0767138
0.11501
0.159764
0.0980344
0.225224
0.0773475
0.296601
0.0521552
0.3738
0.0217453
0.528311
2.04922
2.86405
1.64645
1.6851
2.53929
1.69807
0.884146
0.0513508
0
105.785
58.3301
51.215
44.4391
37.9762
33.0484
33.4771
28.8081
23.1041
20.3143
19.3653
19.0489
17.9294
18.8226
19.4177
13.8914
13.089
11.4843
10.4586
9.3743
9.82989
9.1337
9.9329
8.97179
10.5007
7.57161
7.0952
6.06671
8.46518
6.24259
5.8074
5.45679
6.54659
6.86337
9.42141
4.46049
4.35584
3.64918
4.32619
4.0916
4.33316
3.91676
3.98621
3.09856
3.17762
2.80928
2.90984
2.48535
2.63048
2.33736
2.82997
5.36242
10.4797
4.25431
3.07636
2.26432
2.35719
2.48134
2.20148
2.93726
7.58913
6.49835
2.95575
1.88738
1.64739
1.59562
2.19955
1.61978
2.05739
2.1022
2.2076
2.69414
4.18912
4.92004
5.09343
4.20958
1.78638
4.03605
2.93796
3.15982
3.21273
2.29938
1.24424
1.8713
1.8215
4.06855
5.67482
3.60614
4.90847
2.73763
3.8577
2.11876
2.5391
2.7464
4.67343
2.3765
1.66711
1.34747
1.84665
3.46152
4.08036
2.10304
2.08169
2.31157
3.10817
1.71011
2.28034
1.40114
1.56597
2.19389
3.23278
1.62861
3.0864
1.76475
2.00093
2.68097
4.31714
1.68587
2.27534
1.65539
1.51367
0.635538
1.45787
1.46601
0.619419
0.559303
1.75724
1.81396
0.671655
0.488095
0.432926
0.374601
0.332944
3.05675
5.85568
11.1253
5.59629
3.8314
0.577439
1.1488
0.52192
0.751832
0.62442
0.645202
0.500559
0.674508
1.20837
0.657073
2.25769
1.63473
0.774209
1.4088
1.74779
1.79268
1.30596
4.08215
2.21741
3.43622
1.62995
2.62545
1.30624
1.09376
1.29504
1.0651
1.55027
0.491317
1.53374
1.43064
1.27365
0.784527
1.32857
0.809904
1.3818
0.830098
1.43254
0.844546
1.55505
2.7954
1.84331
1.25034
1.10379
3.58834
1.26248
3.79488
1.39687
2.75755
1.31584
2.74365
1.42377
2.48436
1.01951
1.41569
0.921399
2.85287
3.25667
2.50309
3.98001
0.887399
1.20648
1.39201
1.00067
0.90612
2.33637
0.920925
1.09538
1.78151
0.800345
1.22659
0.936937
1.46909
1.11414
1.56056
0.876785
2.84952
2.29401
4.18829
5.281
4.16122
1.07617
1.19305
0.601555
0.971277
0.52383
1.04111
0.540667
1.12239
0.56877
1.19451
0.592239
1.26669
0.657741
1.45093
0.62795
1.46773
0.685789
0.790041
0.732061
1.22315
1.99815
3.24564
2.92322
6.52429
0.684914
2.82622
0.916508
0.678305
0.288603
0.708972
0.360374
1.71426
1.29242
2.34365
0.569923
1.3095
1.55025
1.12597
0.946942
2.17152
0.536834
1.61081
1.66195
1.02229
1.27937
2.23372
0.573194
1.78036
2.34751
2.50244
1.27256
1.82189
0.478961
1.2549
0.735604
0.529491
1.01918
0.56995
0.782016
0.616868
0.805387
0.66286
0.825217
0.832536
4.26456
6.72199
4.62905
0.820526
0.72045
1.14012
1.29199
1.09448
0.55751
1.15704
1.64899
1.25883
1.58064
1.24856
1.9349
1.65101
1.74058
1.33519
1.92196
1.24876
1.35294
0.867879
0.699435
0.639733
1.25854
1.70604
0.674168
0.749182
1.10614
1.97482
0.851752
1.3692
0.666246
0.680545
1.06595
0.683571
1.11262
1.95688
0.737384
1.81586
2.57349
0.714805
2.1014
1.54355
5.15318
1.64725
0.498793
0.552454
0.343287
0.586166
0.381529
0.619828
0.420648
0.685777
0.764702
1.86053
0.345323
1.20853
0.832044
2.32775
1.03906
3.19055
2.15869
2.63584
0.269714
1.05159
0.0622413
0.450857
0.593469
0.459063
0.626432
0.504915
0.652755
0.639722
2.30495
3.15027
4.18519
2.50188
1.61549
1.43323
0.261741
0.688875
0.305677
0.717991
0.350791
0.745926
0.397023
1.63707
0.467222
1.73512
2.25364
4.30768
0.942704
2.6644
0.479846
2.24687
0.554225
0.969282
0.541012
0.994333
0.593996
1.03056
1.88609
1.31682
1.94218
1.50176
1.00085
1.57284
1.37584
1.28995
0.0548127
1.38466
0.068509
1.45397
0.0799385
0.934162
0.14331
2.97139
2.66564
4.85472
5.44963
2.58981
0.609808
0.146102
0.520819
0.14535
0.569317
0.168833
0.551125
0.20854
0.581406
0.250148
0.61178
0.293301
0.64168
0.385589
1.84841
1.47635
1.32536
0.181588
1.14071
1.20577
0.56671
1.51921
0.167513
0.898672
0.211781
0.926059
0.308073
2.56051
2.96454
1.34414
0.902011
1.71215
3.32773
1.96378
1.21282
1.39686
0.980116
0.179518
1.34792
0.173119
1.35999
0.187797
1.42684
0.202149
1.48975
0.345823
2.62566
0.728659
1.48226
1.61593
1.46265
0.759716
2.62889
0.308114
1.92508
1.95057
0.840591
1.67808
1.24005
0.832059
1.07975
3.06848
0.965593
4.30418
1.62087
2.11578
1.08132
0.751392
0.512181
0.447517
0.824187
1.30233
0.532518
0.8953
1.51931
0.352885
1.19866
1.31783
0.519057
0.43569
1.48755
1.19117
1.19242
0.822707
0.205303
0.850709
0.249564
0.876797
0.293134
0.900109
0.335277
0.920477
0.884361
2.74264
1.04616
2.91165
2.85068
3.42996
0.708902
0.595751
1.45506
0.628644
0.402314
0.59416
0.400487
0.625209
0.634556
0.54893
0.443606
0.588322
0.472773
0.676306
1.84389
0.200978
0.886177
0.241337
0.910919
0.309164
3.38341
2.02081
2.08846
0.968871
1.21875
0.668281
1.93864
0.0557284
0.907896
0.097813
0.935414
0.142602
1.02258
0.252905
0.972138
0.18795
0.993014
0.227938
1.09747
1.69045
3.77457
2.41483
3.18358
0.973938
1.65524
0.422417
1.3019
0.659131
1.48186
0.454599
1.66717
0.259362
1.54242
0.478126
3.46019
5.18051
1.42142
0.15056
0.128829
0.473609
0.169514
0.493823
0.208621
0.524377
0.248899
0.554476
0.295068
0.782051
0.789805
1.39429
0.498203
1.84649
3.91532
4.365
4.00728
3.41212
2.96715
0.477637
0
86.064
50.883
42.9883
38.1445
34.3189
31.3259
30.3402
27.7536
25.8026
23.6231
21.7198
20.6444
19.7952
18.1703
18.1672
15.4154
14.4954
13.7312
13.2979
13.241
11.7848
11.847
11.8824
11.5482
10.5542
9.73823
9.98365
10.5989
9.86472
9.47845
7.98118
7.33979
7.53348
6.92997
6.68719
6.03629
6.97718
6.38365
5.74348
5.62379
4.76416
5.2156
4.24093
3.84734
4.77367
5.01849
4.32452
3.43775
3.62064
3.47694
3.2307
2.31611
2.67887
2.37191
3.10097
2.36258
2.80999
2.02497
1.95745
1.54863
2.84243
3.76834
3.18041
2.95549
1.59564
1.35421
1.45258
1.32223
1.50239
1.27557
1.52522
1.07506
0.890372
0.855886
0.819334
1.0889
1.35551
3.20942
4.00203
3.92252
1.33511
1.60961
0.812602
0.737148
0.798598
1.42187
2.01738
1.36962
1.31958
0.91864
1.52025
0.88185
0.704996
0.621429
0.548708
0.521784
1.03897
1.42804
3.23794
1.12502
1.98486
0.694413
0.622983
0.658851
0.596031
0.690289
0.587904
0.721068
0.611567
1.93529
1.86231
0.794297
0.441272
0.787639
0.699034
0.600339
0.581305
0.713436
0.624711
0.775064
0.844855
1.11797
1.42788
2.0495
3.11065
3.93453
3.35573
0.861101
0.304013
0.389042
0.191957
0.419695
0.202135
0.452221
0.212535
0.48649
0.222921
0.522306
0.245993
1.17851
0.474991
0.552709
0.647036
1.09305
1.52808
1.24528
1.95044
0.186258
0.443138
0.674252
0.790896
0.263809
0.784108
0.825308
1.85852
0.697561
1.041
1.14599
1.56825
0.492855
0.88234
0.159864
0.552824
0.197465
0.561987
0.24842
1.03825
0.320839
0.957595
0.303793
0.642002
0.342842
1.92751
0.675758
1.14342
0.612359
0.807797
0.390667
0.372166
0.430207
0.380251
0.470431
0.387113
0.510869
0.392434
0.55488
0.464102
0.521946
0.465639
0.560689
0.464911
0.601689
0.46281
1.96456
2.13287
2.78245
2.26969
2.78422
1.64134
0.46577
0.0973928
0.577056
0.108327
0.60853
0.117085
0.640163
0.12965
0.857085
0.29744
0.623988
0.0463116
0.66274
0.055253
0.70224
0.0631769
0.74206
0.0697434
0.781776
0.0746063
0.820929
0.0774428
0.859184
0.0780901
0.896127
0.0764351
0.932345
0.125915
1.07786
0.0635678
0.956676
0.749683
3.83891
1.0255
1.50698
3.15505
3.11777
2.6789
0.617154
0.123606
0.434059
0.132188
0.466673
0.572624
0.935191
0.469232
0.188346
0.362996
0.198924
0.399776
0.209131
0.437566
0.218634
0.476022
0.24201
1.19436
1.01084
0.475479
0.340953
0.391612
0.380027
0.397335
0.41872
0.401202
0.457489
0.428944
1.41093
1.70216
3.20866
3.18573
2.53128
1.83572
0.121331
0.253372
0.152339
0.264102
0.186064
0.280989
0.210077
0.27715
0.245413
0.28788
0.281963
0.298897
0.388266
0.257197
0.405806
0.619784
0.412085
0.249061
0.454246
0.32884
1.27783
1.13736
0.918716
0.208148
0.526832
0.244411
0.723113
0.452341
1.19353
1.45172
3.27725
2.54027
0.285767
0.0279451
0.343711
0.0991064
0.364406
0.0508463
0.3975
0.0628311
0.432035
0.0747011
0.467745
0.0861678
0.504308
0.0969032
0.542642
0.294051
0.571463
0.639446
1.40887
0.304466
0.568501
0.0263068
0.606759
0.0347945
0.644798
0.0417043
0.682199
0.0467284
0.718607
0.0496022
0.753685
0.0501895
0.791796
0.374147
2.29312
0.604596
1.93498
0.217274
0.609518
0.862619
0.106759
0.492368
0.894987
0.0103311
0.651536
0.806518
0.173849
0
38.1959
24.4986
19.9715
17.4549
14.7582
13.3808
13.3715
11.8668
11.3494
9.75974
8.7455
8.50486
7.69619
6.64995
5.63285
5.79193
5.90457
5.42306
4.91931
4.68588
4.26981
5.40649
4.85964
3.91654
4.46419
4.72388
3.00155
2.89149
2.8215
3.54664
4.76866
3.2932
2.60844
2.49731
2.22045
2.38985
2.23316
2.56912
2.67292
3.9422
3.53539
2.15467
1.59227
1.41394
1.73424
1.32422
1.67782
1.35786
2.43918
2.39923
1.7772
1.47442
1.96831
3.2539
3.0579
1.7584
1.275
1.15005
0.805991
1.25484
1.79783
1.73676
1.33838
1.26507
0.942969
1.43911
0.896827
1.74797
1.03866
2.02024
1.9683
1.79568
1.09896
1.42874
0.59115
0.895055
1.00534
0.91437
1.17245
1.36474
1.83581
2.29464
2.86165
1.18681
0.785609
0.566014
0.877991
0.986561
1.05508
2.15383
1.61128
1.80133
0.82974
1.00848
1.02278
1.14436
0.53868
1.23888
0.697148
1.08008
0.856618
0.914235
1.02072
0.839645
0.573285
1.37773
0.748268
1.16539
0.921201
0.978898
1.06319
0.89501
0.542988
1.17006
3.1487
5.36908
2.85133
1.48203
0.468777
0.416801
0.714865
0.55522
0.353578
0.345041
0.336014
0.326467
0.321631
0.72536
0.483696
1.1444
0.621411
0.960891
0.82382
0.964278
0.870178
1.61919
0.919143
0.831963
0.922014
0.864704
0.933697
1.97019
1.23621
2.40409
0.82702
0.792697
0.786617
0.331326
0.488977
0.637
0.763816
1.10057
1.65631
0.816942
1.38867
0.878946
1.06524
0.721768
0.667147
0.706024
0.301968
0.603157
0.448317
0.402111
0.660949
0.408111
0.705753
1.14835
0.717202
0.424961
0.859608
2.59675
2.52196
1.73661
1.41263
0.742595
0.553444
0.412748
0.438138
0.243089
0.634155
0.254323
0.666723
0.2646
0.699598
0.273583
0.732358
0.280957
0.764572
0.286444
0.795865
0.28983
0.82583
0.290991
0.85748
0.532592
1.70032
4.16543
1.07369
0.306121
0.371809
0.429609
0.382971
0.46228
0.393207
0.495012
0.402196
0.527412
0.409631
0.559122
0.415293
0.589768
0.424729
1.83539
1.55888
1.78963
1.28289
1.11874
0.86409
1.02492
0.84405
0.427627
0.219231
0.437331
0.248596
0.612747
0.24915
0.64416
0.257391
0.674713
0.292034
1.82245
2.73846
2.18791
2.31115
1.9111
0.468383
0.737061
0.155991
0.459892
0.0915097
0.199435
0.417706
0.455814
0.354393
0.394142
0.36483
0.426809
0.374089
0.459357
0.410479
1.2434
0.808294
0.78577
0.612846
0.940366
0.607841
1.07646
0.574123
0.639631
0.420487
0.842675
1.18224
1.34254
1.19698
0.837298
0.389924
0.56111
0.139548
0.115134
0.503648
0.284409
0.510582
0.317693
0.515643
0.386574
1.35777
2.24313
1.1705
1.03951
0.872082
0.803395
0.532118
0.56692
0.142277
0.56591
0.174899
0.571694
0.203031
0.57401
0.229769
0.57275
0.254963
0.570096
0.809399
0.431948
0.361452
0.534295
0.57772
0.434464
0.281507
0.43044
0.30847
0.422835
0.340125
0.48912
0.757657
0.559835
0.613421
0.807464
0.524805
0.818287
1.15602
1.47045
0.220432
0.207752
0.475637
0.266305
0.452674
0.328752
0.446519
0.372542
0.436819
0.414665
0.42371
0.464261
0.729387
2.56508
0.611894
1.08728
0.782846
0.630254
0.135597
0.23668
0.295273
0.644798
0.34051
0.664226
0.354288
0.681675
0.365462
0.697052
0.374038
0.710369
0.390245
0.93822
0.303561
0.432643
0.545598
0.399275
0.22335
0.932724
0.233355
0.391845
0.268174
0.394211
0.329298
1.16725
0.289269
0.37748
0.332769
0.37595
0.397386
1.57051
0.901569
1.1476
1.0646
2.09248
1.26217
0.613685
0.24022
0.400598
0.216579
0.597485
0.237465
0.800346
0.0784992
0.766701
0.287561
1.11076
0.272105
0.605025
0.325745
1.24376
0.511827
0.351912
0.210899
0.1245
0.0431229
0.00606842
0.636506
0.822698
1.60748
1.57339
2.11977
0.210428
0.52763
0.048954
0.236935
0
