650.816
427.267
347.136
276.87
233.895
228.187
202.109
168.814
145.126
129.679
119.353
112.78
105.666
99.4301
93.5048
88.5468
83.328
76.4929
69.2447
60.4302
53.7477
51.2505
47.7906
43.6429
40.5822
37.8765
35.8214
32.927
30.4324
31.3793
27.1199
23.6327
23.2749
20.4672
18.611
18.2873
16.4712
17.0167
15.0924
13.7839
10.957
10.7299
9.84504
9.29109
6.896
6.83401
6.25333
5.75767
5.36892
5.14194
4.77561
3.35257
4.70964
3.17654
2.77978
2.37794
3.22966
2.7281
2.27538
1.80352
1.6508
2.23948
1.91732
1.93857
1.40518
0.984499
1.65918
1.05404
0.969147
0.849125
1.90393
0.0622546
1.79353
1.44434
1.74162
0.82775
1.62804
1.38235
0.67012
0.847268
0.101257
0.543808
0.497418
1.10889
0.0398393
0.812381
0.977564
0.48223
1.12808
0
83.3772
56.5009
38.403
36.1256
38.1194
37.2537
30.5115
26.9375
27.9955
23.3316
25.0375
18.0625
15.7405
15.4388
17.8562
18.4817
15.0745
14.8775
10.0151
8.62449
9.49756
6.68201
7.93869
9.21214
6.1125
6.83917
3.41888
2.74025
2.64793
2.81905
2.03133
2.33454
2.119
1.96337
1.2745
0.482334
0.662529
0.694638
0.798206
0.884645
0.560407
0.727449
0.646583
0.225135
0.0543786
0.314984
0.284097
0.347297
0.427328
0.371426
0.336255
0.344011
0.110751
1.12824
0.0621719
1.20967
0.644316
0.217565
1.43314
0.472652
0.563931
0.577734
0.242751
0.843637
0.102782
0.0403488
0.128597
0.675675
0.240901
0.0978567
0.0359879
0.166324
0.433705
0.192459
0.102142
0.0692073
0
73.9563
46.2401
40.8021
40.0954
30.5271
25.7285
27.3589
24.7549
19.2577
16.5477
18.1175
19.0145
16.2511
11.063
9.48389
7.53742
4.5529
4.06856
3.83123
3.57249
3.17291
3.4599
2.84287
2.3829
2.13537
1.8369
1.60081
1.23089
0.737849
0.815649
0.942054
0.549937
0.307646
0.179029
0.199822
0.458749
0.206481
0.215796
0.320426
0.290615
0.136989
0.0611501
0.163477
0.14154
0.00582825
0.117911
0.200015
0.158545
0.103243
0
99.9801
77.3296
58.7822
54.1728
50.5872
43.2732
41.698
42.7537
35.9437
26.875
22.5796
24.7053
26.1615
23.518
19.3202
17.451
17.1879
18.3807
13.6755
7.86202
7.01375
9.72665
11.1659
8.57174
5.94998
3.27284
3.86183
3.60103
3.16883
3.02556
3.57045
3.56701
2.51223
1.84761
1.93501
1.27247
0.72889
0.557253
0.902306
0.802092
0.515323
0.18422
0.551992
0.362148
0.143886
0.250895
0.314816
0.426843
0.386493
0.299006
0.107267
0.296178
0.230558
0.105924
0.335991
0.142628
0.252286
0.167751
0
