564.488
503.359
454.826
423.692
400.621
378.679
356.401
334.649
313.332
295.553
279.354
265.389
252.888
242.309
232.33
221.886
213.027
204.374
196.952
190.179
184.4
178.903
173.776
169.36
164.485
160.587
156.744
153.222
149.922
146.743
143.88
141.31
138.534
136.552
133.609
131.564
128.891
126.991
124.432
122.294
120.001
118.191
115.95
114.494
111.983
110.26
107.402
105.459
103.243
101.466
99.2729
97.6385
95.629
94.0897
92.2508
90.4899
89.0788
87.4039
85.9384
84.5551
83.5294
82.0582
80.8674
79.4717
78.3479
77.0878
76.0535
74.4892
73.2187
72.0692
71.2571
70.4297
69.3011
68.7308
67.6715
67.3138
66.0619
65.7645
64.4765
64.0478
62.9866
62.3726
61.3351
60.6431
59.8607
59.2662
58.5406
57.7894
57.1115
56.2778
55.5381
54.647
53.6909
52.8132
52.0558
51.1249
50.3645
49.5677
48.7223
47.9573
47.3902
46.6916
46.0339
45.3971
44.8572
44.2961
43.7594
43.2247
42.7092
42.2916
41.9228
41.3784
40.8929
40.5021
39.9998
39.5655
39.1302
38.7121
38.2425
37.8632
37.4639
37.052
36.5741
36.2079
35.7996
35.4723
35.0867
34.8878
34.3894
34.0973
33.7796
33.6255
33.3228
32.8848
32.5778
32.4739
32.1418
31.8081
31.4729
31.2936
31.0718
30.7569
30.5612
30.3623
30.1208
29.8251
29.5606
29.3326
29.1346
28.8966
28.7524
28.5969
28.2352
27.9776
27.7127
27.5116
27.3148
27.0449
26.9117
26.675
26.5176
26.2208
26.0656
25.9134
25.882
25.4866
25.2155
25.1203
25.0316
24.6645
24.4383
24.2358
24.1495
23.8589
23.6925
23.5247
23.3609
23.1618
23.0276
22.8558
22.7139
22.4382
22.2531
22.1578
21.9685
21.7606
21.6258
21.7546
21.5145
21.267
21.1416
21.04
20.9074
20.6427
20.6809
20.4959
20.4572
20.2872
20.3088
19.9758
19.8824
19.6957
19.6775
19.5207
19.4676
19.3266
19.4442
19.2284
19.121
19.0156
18.8521
18.7506
18.6171
18.4452
18.385
18.3632
18.2193
18.1545
18.0092
17.9023
17.7891
17.6964
17.6637
17.5375
17.3696
17.337
17.1825
17.0714
16.9661
16.9359
16.881
16.7644
16.6432
16.6378
16.4767
16.3894
16.2933
16.2276
16.1323
16.103
15.9181
15.8831
15.8152
15.7786
15.9396
15.559
15.5401
15.4254
15.5667
15.2271
15.1849
15.2246
15.0817
15.0513
15.1028
14.9587
14.9201
14.8298
14.7477
14.5804
14.5128
14.5055
14.4716
14.326
14.2177
14.2259
14.1377
14.2952
14.1127
13.9936
13.8766
13.9044
13.7327
13.7083
13.6426
13.6486
13.4887
13.4956
13.4611
13.6468
13.414
13.3038
13.2808
13.1937
13.1578
13.3228
13.0305
12.991
12.8896
12.8236
12.8019
12.8453
12.9263
12.6819
12.7094
12.5557
12.586
12.5258
12.5005
12.4427
12.4736
12.2519
12.3781
12.2913
12.3304
12.2243
12.2773
12.0124
11.9728
12.0052
11.9201
11.881
11.8357
11.8934
11.624
11.6255
11.5846
11.5147
11.5769
11.4847
11.5144
11.2775
11.3352
11.2243
11.2085
11.2288
11.5351
11.0587
11.2695
10.9428
10.9279
10.8186
10.8487
10.7927
10.9188
10.6584
10.6923
10.6438
10.6148
10.7025
10.4159
10.4224
10.3182
10.3186
10.3662
10.1464
10.0983
10.2375
10.0121
10.0772
9.91966
9.97423
9.83848
9.97579
9.73935
9.72918
9.5936
9.6159
9.5999
9.62278
9.98227
9.58746
9.66941
9.38909
9.47217
9.41936
9.59095
9.20285
9.25709
9.56443
9.1282
9.0667
8.96642
8.95047
8.93909
9.1652
8.79617
8.95275
8.86001
8.74481
8.83048
8.64506
8.61874
8.59366
8.595
8.51176
8.51868
8.58867
8.33413
8.40481
8.31445
8.43161
8.43008
8.23882
8.38639
8.20463
8.26646
8.00359
8.16305
7.91855
8.07048
7.85048
7.91033
8.05157
7.80361
7.87565
7.72144
8.00319
7.59845
7.67758
7.63023
7.91219
7.60055
7.68381
7.51913
7.50441
7.51898
7.45371
7.57794
7.33418
7.42188
7.19884
7.36306
7.15453
7.18037
7.12205
7.53004
7.15
7.16054
7.10127
7.0152
7.10728
6.8969
7.04919
6.83458
7.00436
6.7853
6.74113
6.73303
6.90146
6.67943
6.88246
6.6076
6.54372
6.4992
6.47136
6.46968
6.43183
6.43774
6.52093
6.45204
6.34428
6.33929
6.31978
6.31944
6.2749
6.51886
6.25443
6.42776
6.16974
6.18766
6.09272
6.02836
6.01384
6.04177
6.05822
6.03004
6.01819
5.90674
5.9804
5.85492
6.09897
5.79484
5.76198
5.75375
5.74
5.71985
5.67043
5.67407
5.5751
5.53851
5.51873
5.54701
5.57143
5.72646
5.50389
5.65087
5.4291
5.39326
5.32148
5.41059
5.37876
5.39797
5.32319
5.31673
5.23686
5.25555
5.12676
5.13299
5.13625
5.38826
5.15882
5.12626
4.99731
4.98959
4.94946
5.02155
4.90888
5.03462
4.93925
4.975
4.92678
5.04859
4.83053
4.79258
4.76271
4.75558
4.7509
4.79902
4.77006
4.70564
4.74599
4.63488
4.61708
4.61695
4.64948
4.66864
4.67187
4.57676
4.52036
4.50568
4.52544
4.47748
4.47531
4.41088
4.38755
4.36347
4.37509
4.35533
4.45822
4.43506
4.31027
4.32935
4.24495
4.27763
4.25057
4.43278
4.24119
4.3455
4.17256
4.17949
4.14529
4.17093
4.17637
4.17712
4.06793
4.05092
4.06071
4.0908
4.06912
4.01171
4.0502
3.99506
4.1029
4.06476
4.08609
3.99906
3.96006
3.95194
3.94322
3.91963
3.95255
3.90072
4.08117
3.86863
3.81512
3.82467
3.80185
3.80109
3.7747
3.80962
3.89089
3.89405
3.79041
3.70629
3.67722
3.66267
3.65671
3.67005
3.69896
3.80555
3.67692
3.6949
3.59278
3.59328
3.65919
3.61454
3.59743
3.69572
3.60466
3.53561
3.56328
3.64314
3.6523
3.6053
3.56204
3.47401
3.4963
3.44954
3.51345
3.44301
3.50718
3.45148
3.54148
3.39792
3.38936
3.39647
3.39521
3.37184
3.39501
3.49774
3.4206
3.45281
3.44355
3.38105
3.34942
3.37397
3.3848
3.30382
3.25873
3.28469
3.26298
3.28629
3.28625
3.24747
3.22626
3.22907
3.2579
3.21827
3.27952
3.18009
3.19225
3.19937
3.25634
3.19511
3.2541
3.16661
3.11778
3.1297
3.11962
3.09426
3.07665
3.09842
3.09832
3.14168
3.21343
3.06672
3.04567
3.02163
3.02107
3.00026
3.01571
2.99292
3.06076
3.02438
2.95448
2.95775
2.98714
3.02763
3.0038
2.94941
2.89143
2.87338
2.88409
2.86003
2.85545
2.83161
2.84773
2.85105
2.79501
2.79174
2.80725
2.85842
2.85436
2.86322
2.8008
2.7754
2.77378
2.78369
2.76295
2.72414
2.72749
2.7313
2.70244
2.72746
2.70531
2.78116
2.68663
2.66977
2.68193
2.6867
2.73444
2.71722
2.6616
2.65564
2.66131
2.62773
2.63674
2.63089
2.59275
2.59221
2.55622
2.59599
2.57361
2.58864
2.59461
2.54643
2.54842
2.51292
2.51598
2.49931
2.52999
2.53228
2.48325
2.47911
2.46127
2.4756
2.44222
2.45294
2.40875
2.43859
2.46861
2.53301
2.40213
2.39744
2.40091
2.49255
2.39415
2.35375
2.39709
2.35991
2.41938
2.31537
2.30876
2.34933
2.3608
2.38498
2.29473
2.28548
2.29672
2.2866
2.26395
2.27971
2.25235
2.24436
2.25699
2.22216
2.21913
2.20279
2.18625
2.16588
2.16712
2.21148
2.23124
2.1848
2.15477
2.11995
2.13846
2.11915
2.13229
2.14433
2.17837
2.08937
2.08794
2.04241
2.04888
2.05795
2.01148
2.0552
2.02465
2.01839
2.03177
1.98951
1.97627
2.00441
1.99404
1.98734
1.95687
1.96668
1.93887
2.07233
2.04359
2.04838
2.0577
1.89352
1.88529
1.88393
1.90602
1.85434
1.87577
1.84536
1.94374
1.89146
1.86629
1.81988
1.83634
1.81619
1.81751
1.8184
1.80879
1.80985
1.8091
1.8171
1.83559
1.78203
1.77599
1.7739
1.75771
1.79314
1.7697
1.75984
1.74579
1.76816
1.72913
1.75479
1.7188
1.74414
1.71117
1.73715
1.69217
1.71933
1.69862
1.71633
1.67299
1.68326
1.69365
1.75695
1.77249
1.6958
1.66898
1.67783
1.65637
1.66389
1.65529
1.64265
1.63921
1.63443
1.63321
1.60973
1.61896
1.61753
1.65018
1.61165
1.57744
1.59055
1.61141
1.59343
1.59705
1.57395
1.6052
1.57294
1.55207
1.59184
1.60008
1.55552
1.56604
1.54226
1.54785
1.5421
1.53599
1.54393
1.52627
1.53517
1.51408
1.53671
1.51912
1.55295
1.53823
1.53877
1.51525
1.5024
1.50534
1.498
1.49587
1.49632
1.49732
1.53613
1.49425
1.5257
1.4965
1.49213
1.5265
1.50483
1.49798
1.47368
1.47734
1.46842
1.47007
1.47361
1.46276
1.51377
1.45924
1.50155
1.45973
1.47126
1.46345
1.48062
1.47987
1.45642
1.48399
1.47299
1.53281
1.4679
1.43316
1.43193
1.47551
1.45499
1.43729
1.45879
1.42822
1.43243
1.41772
1.4262
1.41009
1.40556
1.40337
1.44634
1.42909
1.45862
1.41518
1.42476
1.41901
1.46569
1.41715
1.41364
1.4213
1.40339
1.41864
1.41151
1.41564
1.39016
1.41615
1.38218
1.37389
1.37757
1.36413
1.35989
1.36014
1.3892
1.38525
1.38337
1.38092
1.38264
1.37611
1.37269
1.37326
1.36276
1.37157
1.35251
1.3684
1.33533
1.33278
1.33037
1.34738
1.39888
1.35201
1.33554
1.32089
1.3278
1.32218
1.32145
1.31772
1.31241
1.32019
1.34409
1.30944
1.35148
1.31043
1.31968
1.33973
1.33086
1.31915
1.29981
1.33454
1.31645
1.31777
1.29028
1.28337
1.28217
1.28421
1.27504
1.32915
1.28348
1.3051
1.28023
1.2994
1.29135
1.29958
1.28942
1.2585
1.28948
1.28318
1.29811
1.24978
1.25524
1.24516
1.24694
1.2978
1.2656
1.2948
1.27672
1.28121
1.2621
1.25849
1.25612
1.23303
1.23318
1.22127
1.2372
1.26646
1.23356
1.26087
1.22922
1.25534
1.22546
1.22649
1.22796
1.24418
1.25105
1.22013
1.24211
1.21317
1.20629
1.20826
1.19926
1.20453
1.20001
1.19786
1.23232
1.19493
1.20389
1.21602
1.1947
1.21849
1.26719
1.1833
1.2117
1.20038
1.21498
1.19809
1.17805
1.2017
1.15625
1.1523
1.15073
1.17282
1.19232
1.18346
1.1869
1.17937
1.18343
1.18148
1.18658
1.1778
1.16849
1.172
1.1429
1.13737
1.15652
1.13429
1.14174
1.1805
1.14108
1.1702
1.13944
1.16323
1.14151
1.13588
1.14497
1.12739
1.17311
1.12292
1.12337
1.12416
1.13671
1.1561
1.13299
1.14713
1.13256
1.13998
1.13968
1.13843
1.14397
1.11721
1.14375
1.11168
1.10818
1.10832
1.10146
1.10576
1.10928
1.13805
1.16698
1.12017
1.09771
1.13334
1.11329
1.12641
1.11157
1.11941
1.11104
1.09715
1.11436
1.08754
1.09305
1.08422
1.09011
1.08328
1.08518
1.13245
1.10724
1.10549
1.08963
1.09672
1.10454
1.08991
1.1026
1.08309
1.10381
1.07047
1.06803
1.06561
1.06327
1.0655
1.11137
1.07275
1.10232
1.07345
1.07773
1.07595
1.0671
1.09202
1.06029
1.11509
1.05524
1.05246
1.0501
1.06154
1.09457
1.07422
1.08441
1.07496
1.07946
1.07275
1.06032
1.07117
1.05037
1.0408
1.04202
1.03928
1.04068
1.03332
1.03249
1.06824
1.03564
1.07537
1.06812
1.06135
1.03791
1.0502
1.03929
1.03881
1.04315
1.03806
1.04428
1.02775
1.0322
1.05253
1.0174
1.01493
1.01247
1.01518
1.04681
1.02065
1.0328
1.027
1.02585
1.02466
1.01408
1.02764
1.0037
1.04682
1.04063
1.02599
1.05653
1.00321
1.03266
1.00486
1.03115
1.00765
1.01249
1.02733
1.00504
1.02525
0.997891
1.02332
1.00187
1.00131
0.986506
0.985222
0.990461
1.02489
1.00653
1.00294
0.994848
0.991968
0.996203
0.98012
0.999124
0.974777
0.97716
0.978358
0.989341
0.976063
1.00225
0.97041
0.992592
0.987808
0.993482
1.02077
0.969574
0.988288
0.959847
0.95723
0.957055
0.968339
0.958755
0.963825
0.948285
0.950321
0.982413
0.953036
0.971543
0.96666
0.971391
0.967889
0.977812
0.983009
0.947779
0.977209
0.937246
0.9415
0.949778
0.935673
0.969429
0.940033
0.993157
0.983507
0.963617
0.936391
0.953076
0.952172
0.946193
0.97635
0.931226
0.953466
0.923183
0.920666
0.92141
0.923201
0.919854
0.931884
0.947762
0.920253
0.936187
0.923047
0.924486
0.92573
0.92038
0.984028
0.917513
0.912422
0.902264
0.900707
0.897464
0.896946
0.938628
0.910176
0.928634
0.917453
0.930571
0.918389
0.905888
0.917048
0.889117
0.896787
0.89317
0.884504
0.882597
0.918148
0.885186
0.909676
0.902692
0.907164
0.900034
0.900213
0.9002
0.875726
0.912258
0.902971
0.897441
0.874586
0.896702
0.869329
0.865123
0.862399
0.859811
0.861375
0.898599
0.863564
0.884202
0.872337
0.889621
0.874856
0.875273
0.863448
0.866153
0.880568
0.866209
0.942763
0.850857
0.848098
0.84567
0.844863
0.8494
0.843293
0.840795
0.887998
0.881713
0.860948
0.847528
0.85002
0.863926
0.84351
0.863987
0.83758
0.841418
0.829126
0.832742
0.825324
0.825544
0.82387
0.856726
0.869834
0.848641
0.838645
0.821911
0.841112
0.823719
0.816999
0.825185
0.814088
0.817096
0.813936
0.828727
0.851949
0.803064
0.800236
0.805059
0.829145
0.808295
0.840284
0.833456
0.858129
0.804224
0.79648
0.829381
0.798364
0.814334
0.823483
0.805833
0.813375
0.801359
0.853038
0.801216
0.791321
0.779852
0.777799
0.782144
0.821166
0.788101
0.801674
0.787247
0.791772
0.786974
0.776794
0.789577
0.771556
0.794852
0.765934
0.762553
0.760336
0.75729
0.758126
0.791986
0.773844
0.790492
0.806822
0.781763
0.759695
0.768898
0.763345
0.762086
0.782489
0.756002
0.770355
0.745056
0.742335
0.739649
0.736962
0.737907
0.77439
0.738674
0.760432
0.741919
0.748114
0.744768
0.739966
0.767518
0.797069
0.753711
0.761525
0.758865
0.758527
0.757949
0.738015
0.72626
0.722834
0.719441
0.714752
0.748337
0.716277
0.735406
0.719022
0.722847
0.721596
0.714985
0.735563
0.718393
0.729592
0.701605
0.698724
0.696007
0.694421
0.702393
0.736273
0.737034
0.741682
0.695786
0.69463
0.713407
0.711107
0.713151
0.714546
0.710117
0.743399
0.688763
0.683251
0.680485
0.678858
0.679802
0.678043
0.675303
0.702131
0.676807
0.689613
0.679354
0.677498
0.681929
0.672454
0.730799
0.695288
0.661205
0.661249
0.674675
0.664609
0.676447
0.705962
0.680991
0.670795
0.653713
0.650971
0.649039
0.648262
0.654475
0.647129
0.644129
0.647381
0.673488
0.711117
0.658877
0.659701
0.658255
0.64808
0.655406
0.642391
0.682339
0.631784
0.628679
0.62589
0.62446
0.623194
0.62335
0.647169
0.625704
0.634611
0.628029
0.62302
0.630725
0.614748
0.705196
0.635261
0.617839
0.61215
0.610034
0.608105
0.602482
0.604697
0.606983
0.603168
0.63531
0.622691
0.60716
0.611202
0.624083
0.614789
0.623117
0.615184
0.665458
0.6182
0.587147
0.584078
0.58127
0.579964
0.585566
0.619037
0.583991
0.597116
0.586808
0.584412
0.590068
0.618126
0.584456
0.580126
0.566657
0.567355
0.589099
0.570651
0.577913
0.590296
0.575747
0.616335
0.559299
0.555564
0.552725
0.549876
0.548062
0.555358
0.546428
0.550223
0.621849
0.573704
0.541454
0.577766
0.546163
0.566897
0.563834
0.56079
0.589885
0.561311
0.565004
0.539118
0.531398
0.53601
0.529164
0.52521
0.529264
0.532696
0.555608
0.528491
0.543385
0.531336
0.535819
0.548775
0.560258
0.538538
0.525291
0.540613
0.508404
0.504659
0.503543
0.511602
0.518592
0.569167
0.512263
0.528653
0.511031
0.518755
0.528883
0.514698
0.52984
0.507703
0.560314
0.526806
0.507822
0.511729
0.497552
0.503436
0.511346
0.496951
0.545105
0.485247
0.509681
0.482015
0.47782
0.480865
0.482264
0.480795
0.46847
0.465554
0.466591
0.498165
0.479646
0.492092
0.498512
0.515868
0.478084
0.489827
0.479544
0.469584
0.479001
0.46013
0.532018
0.466298
0.451289
0.448252
0.445231
0.442722
0.460546
0.482608
0.457772
0.482407
0.487531
0.457022
0.459426
0.440237
0.462598
0.434628
0.439437
0.432482
0.428824
0.434838
0.453154
0.463605
0.451859
0.460018
0.464282
0.449478
0.442463
0.437272
0.442625
0.415904
0.446622
0.412976
0.442012
0.41026
0.411822
0.404265
0.401178
0.398213
0.39812
0.437208
0.417379
0.438135
0.453772
0.432667
0.406358
0.419901
0.406622
0.408785
0.408778
0.407774
0.41214
0.413983
0.384427
0.381418
0.378431
0.375447
0.375177
0.386017
0.432632
0.473124
0.431202
0.405294
0.381489
0.397011
0.375635
0.469203
0.406441
0.377004
0.392455
0.443829
0.391397
0.392163
0.404687
0.366244
0.401142
0.420125
0.380661
0.353789
0.350531
0.386691
0.420887
0.369647
0.36939
0.375278
0.406463
0.408177
0.38003
0.37388
0.398659
0.367017
0.407927
0.470782
0.364756
0.348321
0.359989
0.349416
0.346913
0.349999
0.387132
0.371502
0.367372
0.387364
0.347957
0.405583
0.422499
0.348866
0.373797
0.337939
0.345827
0.331159
0.345063
0.364866
0.366498
0.367332
0.358635
0.370298
0.349747
0.373724
0.340265
0.377608
0.331673
0.380424
0.324653
0.330932
0.321969
0.327422
0.321701
0.328039
0.326396
0.316666
0.328085
0.35032
0.35133
0.352669
0.342706
0.355831
0.332996
0.361146
0.33548
0.355112
0.373337
0.318745
0.377061
0.368869
0.347726
0.324574
0.35477
0.364638
0.332579
0.33538
0.301366
0.299057
0.297356
0.295834
0.29431
0.295479
0.338878
0.301725
0.328482
0.307913
0.317944
0.314354
0.307539
0.320733
0.297157
0.329719
0.337066
0.398774
0.307964
0.302117
0.346882
0.299066
0.295746
0.298291
0.290017
0.353513
0.340403
0.317515
0.301764
0.304422
0.308124
0.293667
0.314776
0.284187
0.281954
0.280411
0.278874
0.277335
0.277043
0.32276
0.284023
0.312584
0.291854
0.331256
0.348578
0.29716
0.300196
0.283836
0.308367
0.28331
0.307074
0.274395
0.271621
0.269881
0.268337
0.266791
0.268569
0.312543
0.275301
0.301658
0.282014
0.290853
0.287963
0.280186
0.295158
0.269274
0.301923
0.263325
0.261524
0.259974
0.258423
0.261821
0.31748
0.259033
0.260103
0.300638
0.266651
0.290102
0.272894
0.279604
0.284344
0.27812
0.282365
0.275922
0.289814
0.285429
0.291912
0.254506
0.252093
0.250534
0.248975
0.249559
0.293613
0.256262
0.282921
0.262936
0.272025
0.269611
0.261114
0.27629
0.250124
0.283648
0.27257
0.344774
0.25999
0.254091
0.26441
0.298849
0.27198
0.296233
0.276759
0.286158
0.281404
0.303722
0.278928
0.281606
0.265237
0.272795
0.268922
0.247875
0.276467
0.238649
0.236019
0.234446
0.232872
0.23374
0.275193
0.240828
0.26444
0.248009
0.253854
0.254835
0.243092
0.262993
0.250061
0.275782
0.230872
0.22768
0.226024
0.226531
0.269363
0.233766
0.258606
0.240765
0.248008
0.247415
0.255673
0.302295
0.243194
0.261909
0.246219
0.316404
0.2694
0.226409
0.25589
0.233813
0.244846
0.241188
0.233989
0.248372
0.223137
0.255327
0.218266
0.215526
0.213933
0.212339
0.21254
0.260642
0.220479
0.24802
0.227667
0.237146
0.234869
0.226188
0.242481
0.217443
0.255895
0.208728
0.206842
0.205139
0.204176
0.256818
0.222873
0.243357
0.230651
0.233791
0.235355
0.224581
0.2403
0.223546
0.239395
0.231652
0.239139
0.219944
0.239907
0.220281
0.296206
0.201596
0.199514
0.197905
0.196295
0.199663
0.242154
0.206976
0.231223
0.214208
0.220287
0.221442
0.209393
0.22787
0.198527
0.235791
0.192892
0.190774
0.189158
0.188108
0.241251
0.196101
0.229821
0.208205
0.21723
0.214468
0.215872
0.212818
0.205178
0.219626
0.194567
0.226508
0.184682
0.182328
0.180694
0.179071
0.182193
0.233077
0.194685
0.216915
0.201371
0.206584
0.208765
0.214272
0.240595
0.259577
0.236008
0.212357
0.209639
0.195987
0.219254
0.185102
0.237242
0.189797
0.179711
0.171942
0.175275
0.22329
0.182775
0.211611
0.189844
0.200171
0.197812
0.189256
0.205008
0.178589
0.212438
0.183296
0.224293
0.173482
0.165988
0.169142
0.21588
0.174788
0.205262
0.181711
0.194592
0.189131
0.183434
0.196585
0.172643
0.207414
0.176867
0.204311
0.161152
0.158283
0.156463
0.156586
0.21375
0.163645
0.203117
0.170465
0.193
0.190588
0.180978
0.192758
0.226293
0.209148
0.170546
0.206305
0.16003
0.207833
0.152047
0.148343
0.149858
0.208809
0.157105
0.197649
0.164446
0.186514
0.17179
0.175373
0.179138
0.164227
0.186491
0.153074
0.193856
0.143564
0.14128
0.140741
0.203144
0.153983
0.194505
0.164259
0.186525
0.16809
0.17964
0.174336
0.180477
0.188249
0.169632
0.174076
0.156764
0.180996
0.152874
0.186557
0.13714
0.135135
0.133429
0.13732
0.188168
0.144396
0.177418
0.151787
0.166104
0.159539
0.155176
0.166306
0.143986
0.172928
0.142913
0.174117
0.13208
0.180979
0.127895
0.125006
0.127084
0.182601
0.134696
0.171874
0.141069
0.161848
0.149319
0.151431
0.154352
0.140214
0.161606
0.129154
0.169947
0.141736
0.181031
0.137306
0.249015
0.126208
0.121596
0.122948
0.117588
0.184691
0.129971
0.159345
0.136487
0.147775
0.143982
0.135758
0.151737
0.124864
0.159178
0.120106
0.161459
0.114621
0.111237
0.109551
0.111512
0.164853
0.119126
0.153539
0.144312
0.161213
0.155933
0.135108
0.157519
0.17031
0.164976
0.133722
0.181241
0.114757
0.112226
0.104149
0.101528
0.106385
0.157144
0.114919
0.145412
0.120925
0.134151
0.129875
0.140305
0.136372
0.143961
0.18058
0.115984
0.131346
0.123981
0.120181
0.131365
0.109103
0.138612
0.0968802
0.149031
0.0960715
0.147453
0.0936244
0.0907076
0.0924992
0.147284
0.100253
0.135892
0.107742
0.124493
0.116985
0.128837
0.110722
0.115944
0.118862
0.104838
0.126392
0.0936058
0.140867
0.0877841
0.0883661
0.0856305
0.0900125
0.135214
0.0938439
0.134574
0.100722
0.113575
0.109378
0.111944
0.109557
0.100509
0.117712
0.0893652
0.125027
0.104181
0.172405
0.130406
0.129267
0.150837
0.0955047
0.118929
0.104418
0.107066
0.10376
0.109433
0.104703
0.0892754
0.112413
0.0776791
0.120074
0.0730068
0.0703572
0.0686319
0.0688989
0.12317
0.0766135
0.111693
0.0842745
0.116556
0.0986196
0.104759
0.101133
0.0956959
0.103337
0.0785028
0.114215
0.0628571
0.0600024
0.0582248
0.0593144
0.126024
0.13751
0.0677142
0.0640632
0.118139
0.136862
0.0800384
0.0989763
0.0780828
0.0985222
0.0660032
0.106521
0.0579119
0.0611915
0.0524488
0.0551328
0.12405
0.13299
0.0632854
0.0968596
0.0742393
0.0855189
0.0822823
0.0744789
0.0898913
0.0628925
0.0978328
0.052929
0.105545
0.0534189
0.104385
0.0486605
0.0448226
0.0461612
0.124632
0.118582
0.0530867
0.106046
0.126489
0.0688771
0.136471
0.166743
0.0795762
0.0658781
0.0825129
0.0542247
0.0911509
0.0418065
0.0974725
0.0405337
0.037622
0.0418438
0.119137
0.114482
0.0478503
0.100441
0.122089
0.0553627
0.0828564
0.129738
0.0563955
0.0812726
0.130321
0.063783
0.0584061
0.0747533
0.0466129
0.0820532
0.0345023
0.101252
0.0396945
0.0469999
0.0318128
0.124595
0.111883
0.0333253
0.0379429
0.0353583
0.114101
0.114517
0.0495213
0.119674
0.124322
0.0673302
0.0985129
0.142906
0.0629726
0.0682014
0.126391
0.0601023
0.0495817
0.134463
0.0643364
0.0409209
0.148353
0.0653219
0.0392829
0.146835
0.0727027
0.0295819
0.0828771
0.0271502
0.0213679
0.128519
0.0943835
0.0283782
0.110188
0.101483
0.0356586
0.0914174
0.109395
0.0585772
0.107627
0.145645
0.0543268
0.051469
0.127315
0.06012
0.0327305
0.133964
0.0666201
0.0191529
0.016554
0.0147774
0.0156817
0.126632
0.097111
0.0243618
0.104805
0.106265
0.0243583
0.120954
0.127368
0.0594983
0.022168
0.0641939
0.0160181
0.0686274
0.0124846
0.00882092
0.0116876
0.123584
0.0853764
0.0182295
0.105387
0.0940719
0.0202422
0.101293
0.0944655
0.0273345
0.0824272
0.102115
0.0348479
0.0635478
0.109774
0.0423637
0.0446664
0.11743
0.0498885
0.0257715
0.126313
0.06374
0.0291484
0.0716611
0.00299574
0.0705261
0.00342995
0.121793
0.0907941
0.0150023
0.104992
0.0883982
0.047032
0.14275
0.125014
0.0722853
0.151204
0.139364
0.0564879
0.0140507
0.0646981
0.00243473
0.069322
0.00265341
0.120079
0.0842465
0.0100624
0.102693
0.0900597
0.0175019
0.0856957
0.0949926
0.025411
0.0605302
0.102064
0.034193
0.0413193
0.109535
0.0417249
0.0226425
0.116896
0.0493397
0.0124327
0.0587141
0.00197016
0.0630566
0
89.9808
83.2535
77.985
73.7179
69.8768
66.7327
63.7908
61.2953
58.9608
56.7294
54.6698
52.7372
50.9419
49.3211
47.9703
46.7079
45.5732
44.3728
43.2834
42.4108
41.4978
40.5981
39.8031
38.8744
38.1809
37.4523
36.8478
36.2505
35.6769
35.0415
34.5106
33.9795
33.5073
33.0352
32.6294
32.1939
31.7155
31.2907
30.8382
30.4299
29.9932
29.632
29.343
28.9776
28.7096
28.3759
28.1525
27.815
27.6128
27.2613
26.9655
26.8061
26.4734
26.2618
25.9583
25.739
25.476
25.2287
25.0401
24.7813
24.6228
24.3297
24.1023
23.9121
23.7094
23.4876
23.2721
23.1245
22.9198
22.6849
22.4947
22.3705
22.2025
22.0466
21.8332
21.6359
21.4565
21.2349
21.001
20.8815
20.6723
20.5593
20.4111
20.2019
20.0129
19.8429
19.6626
19.5742
19.6089
19.4103
19.1598
18.9828
18.8549
18.742
18.6179
18.6212
18.4788
18.283
18.1987
18.1745
17.9265
17.8137
17.6752
17.5736
17.5776
17.4081
17.2986
17.1902
17.0395
16.983
16.836
16.749
16.6822
16.535
16.424
16.3233
16.2182
16.1979
16.1952
15.9537
15.8238
15.7658
15.661
15.5743
15.4683
15.3623
15.2929
15.1728
15.0609
15.0163
14.9293
14.8455
14.7645
14.7284
14.6832
14.6391
14.4481
14.385
14.3874
14.3317
14.1689
14.087
14.0571
14.1245
13.98
13.8457
13.8069
13.7048
13.6557
13.5241
13.4467
13.4507
13.4083
13.2988
13.2949
13.0963
13.0527
12.9598
12.9712
12.7688
12.6896
12.6133
12.5811
12.6925
12.4622
12.3259
12.4083
12.2304
12.1263
12.0342
11.9728
12.0523
12.0419
11.8312
11.7588
11.8358
11.8032
11.5784
11.5144
11.5426
11.3544
11.3507
11.3489
11.4025
11.1579
11.1131
11.2173
11.1624
10.9565
10.8858
10.8059
10.8165
10.7312
10.7954
10.688
10.7745
10.699
10.6745
10.4945
10.4031
10.4107
10.3324
10.3916
10.2573
10.3517
10.3655
10.2151
10.1691
10.1281
10.0245
10.1837
10.0295
9.96039
9.98563
9.84561
9.80878
9.95868
9.807
9.79694
9.92542
9.68105
9.72277
9.68633
9.72377
9.53181
9.75078
9.51495
9.44945
9.49427
9.43958
9.50789
9.48148
9.59844
9.309
9.51803
9.32058
9.22018
9.23285
9.29594
9.17313
9.15753
9.21141
9.06404
9.07626
9.16103
9.00254
9.17752
9.05059
8.89782
8.90605
8.98756
8.94771
8.82065
8.82204
8.77775
8.71893
8.67877
8.8175
8.59509
8.67884
8.73098
8.62302
8.60405
8.55085
8.45074
8.44612
8.46369
8.42068
8.64504
8.39813
8.32077
8.30437
8.27923
8.37436
8.45249
8.20178
8.25385
8.3357
8.12898
8.13035
8.1522
8.051
8.05134
8.07959
8.1255
8.00245
8.0055
7.95971
7.9166
7.90611
7.88818
7.83998
7.83105
7.75598
7.73279
7.76015
7.85684
7.93119
7.7055
7.69033
7.77937
7.63046
7.60394
7.60908
7.56121
7.57017
7.47541
7.50343
7.4577
7.51059
7.54813
7.81792
7.48094
7.42751
7.37604
7.47065
7.52031
7.32746
7.31726
7.34186
7.24176
7.23088
7.24944
7.26228
7.18268
7.20029
7.21849
7.08274
7.13331
7.19519
7.11075
7.04183
7.06526
7.11042
7.0372
6.93035
6.97986
7.0219
6.88221
6.89585
6.9528
6.83271
6.79486
6.74475
6.82349
6.8866
6.72393
6.65452
6.78303
6.63833
6.74939
6.59337
6.63271
6.6391
6.52583
6.53959
6.58543
6.45228
6.44386
6.5516
6.56531
6.41466
6.38163
6.42713
6.31143
6.32676
6.45027
6.32134
6.26582
6.38435
6.32329
6.22568
6.20704
6.27727
6.15874
6.15549
6.18025
6.06922
6.06724
6.14703
6.04804
6.06109
6.15164
6.02154
5.91547
5.96501
5.99961
5.86054
5.89658
5.94778
5.80941
5.89426
5.92277
5.78461
5.69116
5.66653
5.83574
5.80524
5.67764
5.63381
5.76265
5.60633
5.64807
5.65686
5.54128
5.51133
5.54237
5.44743
5.42333
5.63207
5.67878
5.44684
5.41652
5.50301
5.38052
5.38759
5.52798
5.32544
5.30491
5.46271
5.34327
5.28867
5.44227
5.26096
5.33399
5.173
5.29943
5.12882
5.10991
5.33098
5.11388
5.21937
5.27026
5.10071
5.09033
5.06567
4.96916
5.03163
4.94448
5.07325
4.9092
4.93232
4.85306
5.02614
5.044
4.8644
4.87905
4.96099
4.84483
4.81654
4.82597
4.76185
4.80056
4.71277
4.90665
4.68674
4.70772
4.65244
4.71496
4.59859
4.74313
4.73457
4.59893
4.60856
4.55407
4.60458
4.49839
4.55305
4.5895
4.73284
4.47492
4.54187
4.50693
4.43806
4.51215
4.52875
4.46133
4.40372
4.46127
4.38144
4.31491
4.3303
4.38281
4.4542
4.50663
4.26418
4.3506
4.35393
4.27326
4.21193
4.17537
4.19835
4.1498
4.25078
4.14927
4.22037
4.23773
4.18714
4.07904
4.13428
4.09331
4.19047
4.24559
4.09711
4.03847
4.02335
4.01258
3.97525
4.15645
3.98339
3.96765
3.91831
3.98414
3.89225
3.87791
3.87817
3.95827
3.98278
4.08492
3.99328
3.95635
3.93358
3.81726
3.90052
3.84051
3.82295
3.88094
3.85464
3.81562
3.79973
3.73785
3.72044
3.70654
3.67839
3.69598
3.86437
3.7943
3.77959
3.76846
3.71455
3.64597
3.64739
3.68509
3.65004
3.56385
3.62051
3.67252
3.68951
3.52489
3.49302
3.48868
3.46614
3.52053
3.60233
3.60387
3.57874
3.49725
3.45178
3.50905
3.42479
3.44581
3.48419
3.55701
3.5194
3.55176
3.36244
3.35293
3.40375
3.3561
3.37401
3.32057
3.34568
3.44585
3.45487
3.58446
3.29473
3.34597
3.41318
3.38961
3.3718
3.23023
3.2273
3.23419
3.22104
3.30215
3.29278
3.28593
3.25885
3.15
3.1417
3.12579
3.10961
3.17382
3.12279
3.37988
3.28478
3.24419
3.16472
3.15413
3.20714
3.19337
3.1318
3.17492
3.09305
3.1704
3.08769
3.14174
3.12783
2.99827
3.13247
3.07998
2.97834
3.07111
2.97406
3.25733
3.09917
3.27194
3.14614
3.07892
2.94561
3.10278
3.04661
2.91082
2.89732
2.98152
2.90279
3.13281
2.99325
3.07541
2.91408
2.95638
3.06898
2.9265
3.02316
2.932
3.0086
3.02536
3.04417
2.97833
2.8542
2.89908
2.87823
2.80193
2.86802
2.8651
2.90013
2.80447
2.80949
2.75921
2.83685
2.82222
2.95581
2.78241
2.79693
2.76525
2.75615
2.73953
2.74202
2.71505
2.74442
2.71512
2.71273
2.69511
2.70564
2.67817
2.76784
2.73735
2.70842
2.71626
2.73066
2.7884
2.7756
2.72308
2.70182
2.65831
2.61469
2.65724
2.62803
2.66427
2.59378
2.61204
2.58674
2.61957
2.59267
2.63453
2.75777
2.57824
2.57831
2.53305
2.55998
2.52079
2.5116
2.50933
2.54069
2.52128
2.53919
2.49835
2.51448
2.48204
2.50259
2.48756
2.53927
2.5864
2.52129
2.48589
2.47078
2.51955
2.53706
2.60492
2.55542
2.44169
2.43236
2.42406
2.41125
2.41766
2.40325
2.39793
2.39447
2.39064
2.39109
2.38561
2.4655
2.65078
2.44488
2.37621
2.37151
2.38331
2.34629
2.41621
2.35314
2.40413
2.38864
2.36737
2.35548
2.33215
2.32474
2.36383
2.40907
2.5498
2.49112
2.42856
2.30382
2.29373
2.27792
2.28545
2.32116
2.28701
2.2669
2.28028
2.30989
2.28085
2.26416
2.26671
2.26441
2.27107
2.27292
2.32251
2.45643
2.30527
2.31619
2.26413
2.41482
2.31872
2.28865
2.24107
2.26799
2.21258
2.22042
2.16779
2.1759
2.17787
2.24177
2.23035
2.22186
2.1621
2.15991
2.16504
2.20069
2.22864
2.29654
2.2806
2.31235
2.20214
2.33051
2.14146
2.16274
2.16217
2.14738
2.11072
2.10969
2.12534
2.13261
2.10515
2.08064
2.08867
2.1013
2.09917
2.12066
2.16462
2.1572
2.27958
2.18499
2.10034
2.07884
2.11618
2.04134
2.03553
2.06142
2.03353
2.06374
2.0776
2.08233
2.03301
2.00989
2.00021
2.02009
2.05776
2.02322
2.01042
2.01412
2.04745
2.10438
2.01695
2.04453
2.08296
2.23111
2.17448
2.06834
2.02386
2.0503
2.09356
2.00284
1.99139
1.97412
1.96833
1.97629
1.97955
1.97064
1.99881
1.96491
2.00028
2.05394
2.11212
2.05727
2.03751
2.04327
1.92021
1.90391
1.90004
1.89432
1.8934
1.89069
1.88499
1.88266
1.87664
1.88477
1.87784
1.88843
1.87503
1.90932
1.92462
1.9024
1.90868
1.97728
1.89958
1.90542
1.84958
1.86485
1.82106
1.81512
1.81099
1.82836
1.8114
1.80519
1.80256
1.80714
1.79329
1.79246
1.82121
1.90956
1.9446
1.99638
1.84078
1.76541
1.76116
1.75677
1.76603
1.74899
1.74223
1.74483
1.74467
1.75754
1.75673
1.79566
1.74467
1.72246
1.71486
1.7123
1.71944
1.70233
1.70282
1.69158
1.68752
1.70724
1.7291
1.68193
1.6698
1.70802
1.7036
1.67972
1.76096
1.94276
1.69534
1.66085
1.65473
1.70081
1.6552
1.7124
1.70005
1.68552
1.62251
1.61689
1.6133
1.61362
1.60578
1.60037
1.59979
1.59222
1.59585
1.58371
1.57894
1.57515
1.60202
1.5929
1.6326
1.65418
1.61531
1.69194
1.57736
1.59177
1.61055
1.54877
1.58001
1.58318
1.55115
1.55122
1.58228
1.66738
1.56089
1.53332
1.50595
1.50611
1.5154
1.556
1.5351
1.56014
1.51079
1.49908
1.51829
1.65681
1.48884
1.48065
1.48783
1.45436
1.44762
1.4406
1.43557
1.43136
1.42641
1.41655
1.42943
1.47754
1.42219
1.42597
1.41299
1.40691
1.40145
1.39772
1.40947
1.42907
1.43413
1.38131
1.37932
1.36966
1.36669
1.3668
1.35881
1.35499
1.35447
1.3438
1.34304
1.35409
1.36342
1.4057
1.57321
1.4354
1.41923
1.32348
1.33732
1.40426
1.36762
1.30139
1.29284
1.29097
1.30735
1.31155
1.28487
1.28301
1.27613
1.27271
1.26801
1.27739
1.29728
1.26666
1.26178
1.26442
1.25177
1.25161
1.25629
1.26735
1.27674
1.22998
1.22709
1.22096
1.22756
1.23217
1.24182
1.24206
1.21852
1.21329
1.22738
1.22297
1.2018
1.20879
1.25014
1.20635
1.29278
1.36838
1.23259
1.21725
1.31553
1.18948
1.25134
1.18443
1.18503
1.19891
1.21225
1.27504
1.20436
1.28443
1.26707
1.19105
1.13176
1.12974
1.13253
1.10723
1.09984
1.10285
1.10925
1.11182
1.09558
1.0945
1.08242
1.09275
1.08166
1.08171
1.06767
1.0635
1.06951
1.07598
1.06844
1.05859
1.05952
1.04155
1.04616
1.05715
1.04126
1.04013
1.02821
1.02558
1.01734
1.03594
1.04375
1.02339
1.02018
1.00664
0.997107
1.00056
1.00193
0.994071
0.998108
0.980113
0.976853
0.972192
0.96667
0.961698
0.964014
0.957307
0.960193
0.9604
0.959992
0.967213
0.991419
0.959124
0.940101
0.971742
0.95884
0.930853
0.922794
0.919734
0.920816
0.907827
0.906363
0.921453
0.912449
0.897488
0.890824
0.889486
0.880865
0.908488
0.949098
0.925385
0.911312
0.91219
0.872764
0.883204
0.890134
0.863822
0.88668
0.846618
0.845128
0.850377
0.840391
0.832485
0.826387
0.828379
0.840193
0.861592
0.955063
0.916729
0.949745
0.863074
0.830446
0.84749
0.807329
0.797667
0.83288
0.890708
0.916726
0.843068
0.79861
0.827666
0.841508
0.761938
0.753345
0.748879
0.742965
0.740757
0.738419
0.73203
0.728657
0.757852
0.79167
0.736476
0.722702
0.716207
0.714146
0.708562
0.703638
0.710038
0.708571
0.718946
0.711097
0.684789
0.679586
0.671005
0.671183
0.6662
0.658449
0.65303
0.662183
0.66807
0.675534
0.662297
0.655709
0.655195
0.650076
0.647185
0.648258
0.656734
0.655633
0.622999
0.609773
0.6047
0.622972
0.663682
0.657777
0.633077
0.606184
0.596176
0.592473
0.669191
0.664303
0.676862
0.770722
0.664195
0.620649
0.579379
0.57402
0.56823
0.557719
0.553236
0.547809
0.551737
0.542482
0.532573
0.543625
0.530867
0.535225
0.558842
0.56776
0.528546
0.527464
0.562311
0.548597
0.515429
0.515326
0.510331
0.505828
0.508496
0.497108
0.501579
0.495974
0.49558
0.495998
0.49553
0.497631
0.499028
0.533441
0.573658
0.646513
0.597201
0.579026
0.484682
0.490308
0.482599
0.477406
0.474695
0.47273
0.472439
0.47105
0.468337
0.467448
0.466489
0.4645
0.466015
0.470544
0.45995
0.459382
0.458068
0.478163
0.464815
0.460406
0.454297
0.452905
0.452959
0.452585
0.450427
0.447428
0.444643
0.446932
0.448249
0.451897
0.440424
0.442375
0.440549
0.438059
0.435283
0.439402
0.456075
0.450087
0.438949
0.445863
0.433119
0.428664
0.426893
0.426307
0.424972
0.422305
0.420808
0.423567
0.421382
0.424048
0.440434
0.457707
0.476555
0.512812
0.423897
0.432911
0.428844
0.417034
0.41679
0.415204
0.419296
0.431218
0.41604
0.420752
0.426098
0.418823
0.413556
0.420459
0.415807
0.409577
0.410869
0.411229
0.43024
0.429861
0.427924
0.412055
0.417573
0.418383
0.425608
0.431944
0.409921
0.406538
0.409483
0.404301
0.403709
0.403118
0.402527
0.401936
0.403361
0.411521
0.406551
0.405593
0.409423
0.403349
0.402758
0.402166
0.401574
0.400982
0.40039
0.399931
0.40354
0.40111
0.410933
0.416642
0.404684
0.399528
0.407255
0.404898
0.401591
0.401153
0.39928
0.398688
0.398095
0.397503
0.39691
0.396318
0.395725
0.396994
0.407871
0.399846
0.401923
0.402855
0.406351
0.410447
0.402781
0.39677
0.407389
0.394775
0.394182
0.393588
0.394338
0.402375
0.397067
0.396416
0.399948
0.395006
0.394413
0.393819
0.393225
0.392632
0.392038
0.391444
0.39138
0.397542
0.405317
0.402248
0.408267
0.395967
0.393698
0.401132
0.395145
0.391568
0.390974
0.390379
0.389784
0.389417
0.389107
0.388046
0.387451
0.386856
0.387891
0.397464
0.39105
