451.782
468.697
276.055
165.7
133.705
141.485
98.7239
76.995
80.0916
106.142
72.5905
90.0462
61.9925
89.8924
60.5396
63.1912
70.7158
76.232
51.876
38.9608
54.3164
83.732
56.3082
49.6922
45.9099
56.276
71.6756
65.4548
44.2815
33.9685
31.9945
45.99
57.0064
72.0041
38.5159
27.6817
38.1914
61.4088
59.1849
49.994
50.971
33.917
39.5441
60.0718
42.2535
44.3121
39.9936
31.662
35.4299
45.1374
38.9044
37.4088
28.3133
12.8431
11.1461
7.78269
16.8952
55.3803
71.2719
50.8353
33.0579
40.8933
46.5129
95.288
48.294
28.3741
10.119
8.81447
17.0799
10.5067
28.7581
39.0756
78.2529
47.8196
28.6467
29.6056
42.4451
28.4863
17.5805
9.22106
11.0857
5.92447
22.8671
66.6253
54.2649
53.6906
34.935
14.2082
13.2275
12.3052
8.62791
23.0178
58.5503
68.5574
89.4116
22.2614
22.1526
38.4816
65.6595
34.1706
18.3406
19.5627
24.7411
21.7117
36.1699
18.3437
27.4176
65.2931
49.4618
42.565
20.265
8.63756
4.07599
5.35875
11.5016
36.263
32.9408
51.756
39.9571
33.6181
31.5706
10.7904
10.6601
31.4361
30.5597
56.7176
32.3296
12.2133
10.1558
13.2468
15.5071
35.6979
38.8493
31.4794
31.0844
32.2735
21.6926
48.6961
20.6086
14.8895
11.2988
9.70155
24.1011
28.7366
32.2431
32.2202
22.9651
11.1944
7.18281
4.19794
21.5277
83.9917
38.6659
45.2769
21.9206
12.2654
19.4
27.3443
33.3136
59.207
44.4129
18.2168
7.51949
3.35689
8.12772
12.5429
27.2907
24.4263
26.4529
22.1756
17.3259
28.6172
29.4552
46.4287
27.6482
16.5521
6.54899
10.8924
27.9126
26.7033
45.7648
29.4959
14.1896
10.3138
4.88478
4.13994
6.24783
25.9585
57.8424
62.9897
27.9368
13.5072
20.0196
18.0063
21.4236
6.78819
10.6359
4.65213
7.81397
2.14729
4.25125
29.1799
45.3172
48.8071
31.1187
14.6598
20.8442
27.8596
57.4398
37.4566
23.0578
5.92911
3.3671
4.15068
6.16975
24.4968
46.846
40.2067
15.954
11.8787
28.7571
22.3996
27.0005
13.8157
3.55019
4.73984
9.53781
2.97559
6.54164
2.15252
4.76754
15.125
25.7768
38.4629
59.6153
37.237
46.4969
31.095
16.9961
4.2679
1.99847
1.54855
6.89236
1.82787
0.655556
2.28437
3.16651
16.9554
28.2595
13.0491
32.8442
78.869
62.4955
33.3385
15.4497
8.75346
4.16459
1.45257
2.34805
3.26313
19.7545
15.324
28.0228
61.0379
25.3357
9.33118
5.14079
1.25444
2.10018
7.98727
3.60396
1.9162
0.480513
1.1876
0.534042
2.54498
4.12666
23.0198
68.485
75.2474
39.246
19.9486
13.0453
5.48663
2.51853
1.20796
3.62975
27.7818
65.9079
63.7718
23.7356
10.1718
9.19129
8.11699
13.9747
25.7035
8.69886
7.1204
2.93554
11.5255
65.8718
30.6439
17.411
3.34
5.80711
8.93664
4.57859
4.39488
6.29231
6.15624
4.31642
10.0614
19.9525
32.5652
36.9092
66.8801
23.7992
25.2427
10.1893
24.82
36.0789
31.2057
15.6637
5.75374
2.95962
1.80006
4.85428
13.3541
35.7168
25.9472
18.4482
21.5885
24.8986
21.3168
4.47446
4.69759
8.47945
5.68132
2.95848
0.849381
5.19276
16.8782
32.7053
72.0744
19.6097
7.8358
4.93551
5.06079
2.87939
4.5449
11.5052
7.12182
22.0457
59.7249
59.9493
17.8572
14.0916
9.64681
23.999
14.8036
4.57582
4.45872
5.28412
2.27621
5.05281
2.50681
5.82412
3.86996
3.6965
4.0645
6.33768
32.6267
50.9439
80.6857
40.7432
28.8047
12.8925
14.1093
10.6262
23.2915
4.92668
3.5383
4.14329
5.91337
7.45921
36.6046
31.8915
21.7563
11.3679
10.9552
4.75434
3.42402
8.44961
4.24954
4.222
17.8988
25.7306
18.2827
17.9194
18.3127
16.2711
2.5775
5.65106
14.4556
40.4294
53.3495
17.4525
6.88854
2.77114
2.19433
2.82193
0.889645
9.10483
21.0409
6.12817
4.18402
4.73637
7.5306
17.6805
11.0621
18.1898
32.4254
26.7607
12.8561
5.77824
13.1838
5.53856
12.4423
35.0719
60.4756
29.1779
23.2859
10.5932
34.0096
22.1524
9.55437
5.8127
14.4051
23.788
19.1311
5.18757
3.02712
10.2269
4.86016
1.21445
5.35634
10.5301
2.93334
2.40773
5.7958
8.52095
2.79401
5.2685
1.39205
4.04972
20.2663
70.4052
51.4914
18.4492
7.18213
10.0964
2.83415
4.85239
5.41708
18.9888
47.1711
22.7453
5.12667
2.74921
0.967231
1.43536
1.71174
3.39858
19.2198
19.5598
33.3527
30.3656
11.8807
6.78685
7.96903
11.8394
57.9842
51.1397
49.4022
8.27779
2.54287
3.17761
6.73535
6.79932
7.13328
11.8077
14.4646
17.227
13.2493
17.2686
7.65804
13.9893
27.4185
29.632
32.4698
27.4279
7.27539
8.02805
7.21276
7.9549
5.25809
5.1645
1.42107
2.62238
8.90959
5.58372
3.7088
5.97725
11.9846
26.0813
45.029
49.8458
37.2267
16.076
16.9041
6.65
9.22305
4.10283
2.03399
0.408852
1.08494
3.04968
10.4414
19.5436
51.7082
50.7505
24.1017
2.63854
2.62288
11.3697
18.8188
3.47443
4.46123
16.2452
26.1183
30.0185
15.7207
30.6649
19.9277
11.0582
3.8004
7.5677
14.3058
8.16314
4.2386
1.27357
2.41284
5.12465
11.7457
7.81712
0.833001
3.18136
2.69445
9.17594
4.95306
2.72382
6.66887
9.69819
31.8602
62.2121
36.9149
6.49443
3.89443
2.55665
8.82372
6.05048
7.50396
2.79459
7.79198
5.18625
25.074
48.1461
45.0823
21.6767
4.92882
1.70456
0.403417
2.62565
2.78326
4.38179
1.34016
1.96378
7.67587
22.5156
23.1631
17.275
21.5957
10.0428
43.8295
26.63
24.6162
13.3843
9.2198
8.47661
25.7444
13.3759
4.96513
5.29144
2.32381
7.14353
4.17601
2.59639
2.40204
2.01397
6.41515
3.62628
13.2131
16.2461
58.2408
32.1925
29.473
28.7034
10.8705
13.0665
6.81262
6.80022
3.62141
13.5866
17.5542
21.2077
6.40012
6.11883
5.76469
6.89625
4.87087
3.3056
7.20877
22.2101
25.6034
20.9575
17.6729
15.8398
11.8845
20.9057
28.3688
26.4823
8.66201
5.18564
6.00514
12.8262
4.63414
5.54007
0.71901
6.5475
10.2201
2.69753
1.65406
2.76831
6.89826
5.54064
5.2062
6.8989
8.39431
12.2404
42.2855
46.1244
14.5635
10.0925
4.71102
4.33084
5.56667
7.39312
16.7964
23.8363
48.9893
41.1997
56.98
13.3082
4.64583
0.642319
0.335754
1.66197
2.57496
8.42735
1.52711
8.07023
18.8606
30.1412
34.4885
24.2068
12.4608
6.49639
12.269
28.6907
19.5843
13.9395
2.98696
2.67524
3.82048
8.00528
3.53557
1.51047
0.491562
1.14367
3.19114
13.4693
25.3537
23.9922
7.32534
3.94289
2.3197
2.24234
5.01091
1.94789
1.74707
11.5953
21.2854
11.7974
22.8799
41.307
63.1328
35.0319
7.1631
7.20695
11.3687
2.14388
0.910871
1.97275
4.73608
10.5759
12.0441
22.3347
34.5625
22.8244
11.5685
5.56741
11.3281
22.4564
8.02003
8.78741
5.03325
4.58833
1.11916
0.883815
4.39719
14.4965
8.44217
18.5134
10.934
20.8962
33.0603
24.0852
18.8344
7.80196
5.93949
6.71192
2.68793
2.60292
2.80136
6.66133
8.4391
23.6071
43.5005
62.6267
28.6482
10.6893
7.01949
2.40106
0.625945
0.538191
0.140252
1.22393
1.57326
2.18921
7.34426
6.62545
5.32785
10.2328
37.9702
33.65
47.1071
20.4436
10.0661
3.44429
0.259898
2.31766
10.6473
8.65419
8.46332
9.14004
21.8933
41.7094
23.1244
8.93064
7.36932
6.34348
10.1969
10.4589
17.2924
8.97848
9.73396
4.90561
15.0881
18.8703
21.4394
9.67822
3.62129
4.4275
9.87608
4.87618
14.3796
37.7394
39.7597
17.1722
4.24718
1.70132
0.613823
0.722054
1.91181
2.41047
9.1053
21.6103
28.8977
22.7228
13.7391
13.0252
21.1368
4.1074
2.61293
0.744209
0.141311
1.23964
2.82957
8.22008
2.3671
3.0596
8.3243
24.1474
16.4712
19.4693
2.61704
2.84201
7.98781
27.2591
51.3665
34.0389
8.33924
3.68922
1.073
0.317706
0.848523
1.49696
7.36389
16.6407
9.50097
17.2271
7.18257
16.4227
7.42275
9.83717
19.6674
48.1584
33.5179
16.6768
4.46841
5.89893
12.1143
20.6145
4.37222
2.97976
2.81758
7.76815
5.26522
5.08528
4.15971
2.61335
4.7888
4.3394
13.3244
10.2693
15.5608
13.9681
30.5025
43.8555
34.5456
21.0888
2.10785
2.81871
2.74128
6.92811
6.46772
1.45741
1.67719
4.3466
15.954
21.3534
33.1048
15.4247
14.7599
3.01384
1.36497
0.3384
0.34362
0.862123
0.787516
1.85291
8.7581
52.4852
48.7292
32.256
16.5103
6.8228
4.58579
3.65573
5.27041
2.04334
1.78974
0.519567
2.33947
6.07339
1.4933
1.18185
7.6713
24.8079
25.8441
8.89858
4.20201
12.3161
31.9723
33.8123
45.9029
16.0933
5.24467
3.51032
6.01567
3.88621
0.410368
1.14669
0.780117
1.86548
5.51387
0.479133
0.244185
8.05511
29.7014
30.544
17.8656
11.9872
11.4371
13.6042
18.5143
22.0467
2.15785
8.83441
17.0718
15.1243
5.2004
1.39317
2.35072
4.65139
12.6037
1.8099
0.638243
0.844089
3.1217
3.41516
14.4771
12.6537
20.635
25.4813
25.1312
9.48434
7.27427
7.06108
4.76465
1.94706
3.26958
0.330651
1.62265
5.31041
4.05882
13.5255
38.3453
74.0119
32.1233
23.1899
16.8842
3.48953
1.79312
2.56379
7.221
5.16161
2.23061
3.00292
4.01817
8.17402
1.52516
3.77027
4.41639
4.07278
6.44807
24.1533
29.5327
20.4278
7.1415
2.71489
1.18985
3.66753
3.96717
6.62448
11.8189
21.4706
21.0062
34.0395
18.0041
39.651
22.8608
20.5216
6.9604
5.98209
1.38109
1.02844
0.49441
1.56401
5.25867
1.2368
6.58239
4.70648
4.86888
4.53631
3.07535
3.80112
24.6296
35.9347
43.1887
25.3966
10.5834
3.12048
3.25206
1.48239
4.08957
2.49409
7.8097
6.49117
2.84105
10.5898
29.7284
29.2687
10.8632
8.11974
10.9984
4.9818
5.29329
7.53629
11.0154
8.33475
21.5393
10.3527
5.4173
2.57195
2.27208
2.30938
8.2025
28.5733
19.0543
9.14445
10.4302
13.9279
10.474
8.88991
27.2041
39.9064
20.035
2.39655
0.1338
0.280274
0.740885
1.82591
1.18363
1.99647
0.490484
0.708372
0.45675
0.855463
0.424914
1.06746
3.92339
23.7413
42.7244
41.218
48.9408
16.129
12.7852
8.83623
9.10726
2.75765
0.257411
1.26194
7.18668
10.6336
4.76678
1.0537
0.209774
0.838458
2.02665
7.88383
4.22295
2.77425
10.4347
33.0782
16.0625
43.5412
31.0935
19.0564
12.7712
6.59446
5.14354
2.32597
1.71226
4.53771
17.0152
14.1457
17.5878
8.47811
2.7608
1.2618
1.46446
7.16721
14.412
10.7657
9.19761
12.3825
8.84704
11.6892
2.69332
3.92286
4.90166
5.28596
3.36889
11.9099
8.80284
22.903
37.1669
42.084
11.4546
5.26794
7.60849
2.91446
2.71328
3.51384
12.8495
27.6275
10.0647
15.7304
10.6858
3.40318
6.89323
16.9491
11.9867
10.8309
4.4934
0.282275
0.102546
0.374918
1.79306
7.62437
27.2457
24.346
17.0121
7.93291
6.04234
2.20823
6.96086
20.6147
15.8174
4.64046
4.41886
10.1021
3.87576
1.46635
3.72003
9.30255
15.4931
2.94001
1.3874
2.63567
13.9767
4.09428
3.29325
18.173
28.7926
32.4758
34.9955
40.3628
24.8184
2.67974
0.729699
0.911943
1.49535
6.57934
0.742387
2.01321
3.54109
7.73515
14.3645
7.37726
7.53738
6.45688
18.1419
22.7001
9.59362
12.6799
2.78966
1.90879
0.841187
3.00142
6.48506
19.014
19.5856
42.7475
8.75281
5.4676
3.74395
1.29973
0.508952
0.342642
0.958808
0.789657
0.772599
1.15549
2.10681
4.43212
9.5483
2.62903
2.10149
23.7981
46.1336
23.2516
23.5811
29.5267
15.6468
5.89323
1.52045
0.427215
0.475842
1.26641
1.27827
6.49237
2.60183
4.07745
13.0766
20.4383
32.8184
25.0962
13.9125
6.54939
5.73276
3.81769
12.3056
6.41028
7.78638
2.62607
4.62891
2.58346
9.58728
8.01796
3.57905
4.33497
17.5488
20.8911
21.5473
8.69868
8.32297
9.15697
12.141
15.8814
8.63464
13.4348
5.8819
1.38828
0.23865
0.593701
0.287993
0.558047
0.414507
0.65124
2.65471
9.37468
3.52089
3.41263
15.8239
18.5196
26.5031
27.1846
24.2303
17.9967
4.61926
6.94474
4.19942
1.25021
1.143
9.49667
15.1613
6.9428
9.17424
8.21248
8.6577
15.1204
31.7679
40.8024
12.3665
7.15069
1.78259
0.383078
0.914247
0.178305
0.49501
0.491997
0.486857
3.45699
14.6297
12.535
17.3242
8.69013
4.08024
13.0749
14.3903
10.1866
7.45633
5.68782
3.76241
4.95277
13.1075
14.458
3.98313
4.17048
5.58345
18.2182
24.7144
40.7471
30.3276
15.8363
3.04564
3.35297
8.33154
6.23016
0.770205
0.160719
1.09877
2.20858
8.38871
13.7335
5.07887
2.87425
4.43147
12.955
12.7017
5.76534
1.6945
4.21704
11.6679
7.50717
11.4412
8.24681
6.17495
5.09279
9.84985
15.1246
9.48832
13.3443
11.4883
7.27583
4.72345
4.40039
6.95305
7.79903
5.01841
4.29447
15.4002
21.33
16.6425
8.31483
0.209301
0.270267
0.55949
3.8262
12.236
6.69119
8.84457
11.3321
20.0014
29.3063
10.5022
2.43139
4.08728
5.76305
13.8924
13.6316
7.71232
4.50096
2.03571
5.91569
2.61786
1.42488
4.49274
7.71449
4.75042
1.88947
15.5412
12.6909
7.97232
4.61981
7.09518
26.5225
53.0218
30.0919
7.62887
3.17377
1.3989
2.85456
4.10171
8.76924
5.12784
2.4702
1.99024
8.32943
24.0833
25.8431
15.0003
2.00813
3.16178
0.192516
0.943666
0.372629
1.46637
5.25564
25.447
22.8923
13.0335
8.4823
12.6732
4.31395
5.63028
2.86696
6.41223
4.13645
3.71838
12.1618
13.3115
12.4595
10.2729
6.94734
6.47027
6.82521
23.5128
8.65029
10.0341
5.32222
4.31867
4.62408
2.1458
4.68787
10.2428
3.97405
2.20907
4.40079
18.4405
24.9187
22.7351
57.0831
14.6202
8.00081
2.14659
0.717555
0.390538
0.69142
0.721106
0.399441
0.572681
0.7893
0.268019
0.395176
0.710296
0.515989
0.841968
1.51833
6.30952
27.7936
26.7513
8.09159
4.22289
2.16941
0
63.266
55.9362
69.7226
45.0126
26.0701
34.3161
34.6258
35.5787
24.548
21.0868
15.1978
18.0489
36.7879
39.2986
27.3313
21.6659
19.6838
22.5445
23.6484
38.1922
32.7419
23.6312
13.5361
10.8218
8.63648
10.3961
22.1317
32.0073
30.268
28.856
21.0175
11.4979
8.28748
9.45588
14.4671
13.7481
15.5943
25.5034
17.5728
10.6774
13.8111
12.3927
17.7604
23.9314
17.1236
25.7065
28.3327
14.1676
7.15813
12.0054
12.3196
12.479
13.3209
15.0996
11.5559
6.86263
12.4841
28.9115
23.7738
4.1478
4.6292
4.78475
3.28547
3.75154
7.54397
11.36
35.4825
45.4735
14.4252
7.44258
5.73877
3.86433
5.88888
10.3782
5.43294
5.37971
5.23905
9.2884
5.06635
7.63371
9.86681
20.8162
22.8156
36.9824
13.5231
4.80003
4.60316
2.99943
2.99439
4.50206
7.73949
16.272
43.8207
31.9685
9.21268
7.48151
7.96425
5.7712
4.25436
7.38644
4.32574
6.43995
8.53701
4.77488
4.69466
6.46832
3.63352
4.69665
3.67563
9.20305
15.4702
31.8252
26.1883
13.6601
17.1319
26.7923
27.4413
7.20398
4.81987
3.10698
4.19458
2.42967
3.02032
2.7874
3.74542
2.24087
6.89352
20.8588
23.9181
22.4499
13.201
11.4932
16.2848
28.342
11.0344
8.29392
8.88171
8.1902
15.3041
31.6167
10.7998
8.54302
4.37113
6.17165
4.33713
2.56082
2.60449
1.45445
3.33386
1.04798
3.75075
1.83219
2.7362
17.2555
17.7396
31.4668
44.2204
37.736
13.2282
5.80153
4.2989
4.35636
2.58169
3.92138
1.912
7.57128
14.2276
4.74533
1.14733
5.5575
9.59345
20.8588
35.7314
14.8861
4.03406
2.49631
3.93033
2.63666
0.300274
3.44942
5.73058
4.8402
2.0097
4.15513
11.5544
12.2203
12.0671
34.9233
38.2007
16.1177
13.5422
13.0604
8.71296
5.38971
2.4018
4.62342
5.86122
7.09624
16.7453
9.8739
15.2489
11.6407
9.74189
2.28501
1.64365
5.58367
2.00462
2.48932
7.82288
3.68702
0.260664
3.59768
10.604
9.28488
5.32382
15.0874
21.6156
10.4445
9.80639
37.5698
24.8236
8.14009
5.49333
3.93431
2.51626
1.33681
2.13272
2.83175
3.84032
1.64528
2.90843
3.03382
6.41913
14.4728
13.5419
43.1345
20.8367
12.5744
4.89109
1.93292
3.46964
2.27357
3.15684
2.62674
3.04608
1.67254
3.02701
0.304146
2.22542
10.3925
11.7484
26.4756
18.8641
32.4295
14.8488
4.73536
3.70747
0.00613515
1.16542
1.42111
2.482
3.2877
5.26089
3.97148
2.12239
2.78352
1.18902
1.07596
0.300864
1.83267
1.82807
2.82959
5.84566
21.7437
25.4995
22.6453
15.4378
12.1259
7.59279
6.117
9.17995
27.3633
19.9956
16.1809
25.992
12.9365
2.80075
0.354907
0.286323
0.483461
0.306392
1.19444
1.30336
1.78114
1.51806
2.29034
1.36896
3.2265
3.74334
14.4169
20.2001
14.8613
12.0804
17.0472
8.94106
3.77989
0.526914
1.17186
1.2271
1.62728
1.00591
1.82946
0.913043
1.95482
0.731893
2.06808
1.1812
1.97481
0.677236
0.808806
0.177804
2.1693
7.38424
7.12217
13.1777
57.1676
35.1434
12.0789
10.1274
13.1055
15.2001
8.13686
1.18484
0.365025
1.22335
1.80254
1.42449
1.36031
1.81424
2.58749
1.92389
2.18813
1.5413
1.87897
0.645183
1.28213
1.53041
2.23268
2.48946
2.92021
1.75964
2.06703
5.06049
5.05325
29.9604
53.0554
18.4895
15.5134
3.12541
14.0807
12.4222
10.6981
1.87249
0.557824
0.0351848
1.05405
1.04488
1.3932
0.475421
1.75836
0.824363
1.50728
0.356359
0.828723
0.132347
1.00296
1.58568
1.87937
6.80979
30.4673
55.972
15.2511
19.6466
8.29692
10.1439
18.86
9.34045
5.21597
2.01053
0.30123
1.22964
1.51152
0.798069
1.76314
0.618709
1.98419
1.01302
1.73855
1.35864
4.77173
2.72609
2.62437
5.01122
3.49333
8.83123
28.9333
36.1153
20.5825
5.68033
2.76779
4.83842
9.21809
21.2815
26.7292
13.9739
10.5394
30.1344
17.5341
6.41633
0.589364
0.858111
0.197595
0.812241
0.044528
0.84674
0
73.3828
27.1202
25.1356
18.7335
17.0463
14.0285
7.78067
7.63788
13.0507
19.6891
24.2181
21.5116
11.1049
6.9172
4.48394
5.32172
10.2818
13.1602
14.2135
6.38024
13.2289
21.5813
15.2382
9.17986
4.69572
3.6102
1.01604
1.35348
1.69192
1.27002
1.37181
1.69908
12.2278
20.8255
15.8965
15.0333
10.9096
5.31545
2.44193
1.04636
0.891145
1.33748
4.95391
21.7317
22.2151
11.0465
4.36549
2.88701
0.990783
1.49427
0.872697
1.11843
0.172221
0.473875
0.174794
0.984836
0.097866
0.409765
0
43.9976
32.7663
32.3366
27.9322
23.3235
14.6954
22.8665
29.8134
11.6305
13.1947
11.9053
7.26947
6.59602
11.8403
14.1232
16.4457
10.5033
16.3181
17.8543
10.6852
6.96543
6.63179
5.84036
5.2877
3.57794
4.1961
3.78511
4.64065
9.95387
14.7476
18.8415
6.49573
6.62272
4.99334
5.95737
5.77244
5.9169
3.80502
5.91116
1.54337
3.71993
6.81703
14.0337
34.099
10.7131
7.22271
5.58964
2.60868
6.63801
9.7971
3.30759
4.17845
6.81954
4.63917
4.24756
4.45291
8.22626
5.74388
9.42254
3.69092
4.70075
7.56381
8.88117
9.47172
7.21433
6.51661
7.51931
15.3384
24.567
4.39286
2.95845
7.14646
6.03485
3.92322
3.63552
2.74017
3.27067
3.02106
3.36121
3.22807
4.65308
5.47106
9.86384
18.93
14.0908
11.2028
10.8175
6.28231
13.1695
1.07839
1.74617
0.888086
1.57516
0.864626
1.57498
0.902225
1.59596
1.46549
2.59967
3.39905
15.2484
12.437
3.59871
3.56158
1.60565
2.3518
1.69844
0.992492
3.32044
10.416
8.55703
9.10218
12.7418
22.9362
5.90659
4.24653
1.08585
2.08305
7.20751
5.72449
10.303
6.0366
2.17345
1.29807
0.941499
1.22244
3.27362
3.8816
9.8024
8.15318
12.2298
3.76596
6.74264
9.762
1.06337
0.437951
0.79186
0.377009
0.88052
0.35363
0.980703
0.328177
1.09446
0.303947
0.289319
0.279855
0.263766
0.293582
0.724618
0.763534
1.08061
1.41018
3.83636
17.6194
16.0471
19.9454
3.61396
3.73983
5.86019
26.623
20.1177
8.01891
4.89583
3.14227
0.545216
0.747644
0.396299
1.00145
0.372878
0.359965
0.348345
0.337681
0.323335
0.313206
0.295452
0.29336
2.43761
10.9131
18.6661
16.6684
5.53056
6.95593
2.72111
8.94101
5.33286
6.80532
4.08332
4.37693
1.35396
1.41249
0.810697
0.559297
0.780478
0.68948
0.702835
0.831041
0.633256
1.04611
2.28854
6.7778
11.8216
24.117
4.80175
9.63244
11.0987
10.4722
7.14182
1.14279
1.14778
0.760149
1.50528
4.87434
5.91826
0.730758
0.791517
0.469717
1.58864
2.24101
6.5373
9.00125
9.43454
5.85032
7.05849
3.08193
1.72996
1.26081
2.71938
1.29521
1.27111
0.401049
0.592066
0.90799
2.75181
11.043
29.4944
11.3912
7.60392
1.27658
1.57602
1.1232
0.3906
0.731446
0.331805
0.896521
1.39318
1.5129
1.81281
1.97692
1.08513
0.482213
0.821107
0.641157
0.742306
0.78887
0.651932
0.960749
0.547521
1.20911
3.00723
13.741
20.8163
11.5638
16.3443
13.3992
5.99793
0.376118
1.09748
0.296604
1.53987
1.25295
1.58085
0.866689
3.03501
2.27641
5.25749
6.35164
14.2232
8.37832
12.1946
6.40541
4.722
2.53115
5.04273
2.02168
0.552897
0.478072
0.495704
0.600623
0.495126
0.935352
1.84942
0.878042
0.48277
1.9024
1.56882
1.93938
0.749804
7.54399
11.136
30.2159
20.5227
18.4303
7.69872
1.10541
0.744701
0.26248
0.798888
0.461055
0.87745
0.207632
0.193478
0.181177
0.16549
0.169342
1.51589
1.50626
3.62782
11.4981
9.6852
20.0421
23.0274
10.7738
6.33892
2.08171
0.593443
1.2009
1.1839
0.358966
0.78823
0.298836
0.885249
0.289303
1.10054
0.202598
0.185581
0.170217
0.215749
1.24263
4.36808
9.97365
26.59
5.16754
11.3965
2.90428
5.58979
5.94835
2.97967
1.45627
0.631963
1.19119
0.175593
1.07605
2.78861
1.61154
4.29501
5.50612
8.00348
5.8713
4.13399
1.32891
2.07064
1.34169
1.60105
4.89032
15.0028
2.55966
4.07887
2.14008
0.258911
1.16373
3.35623
2.80873
6.49144
16.3348
8.90335
5.49306
9.61217
14.7248
13.4738
1.61169
1.36437
0.32309
0.534637
0.405902
0.519019
0.503436
0.518813
0.594127
0.478357
0.715423
0.495184
1.98826
5.77455
14.2984
14.2741
7.78989
1.71054
0.942533
0.398374
0.791098
0.362069
0.898209
0.324089
1.01063
0.288783
1.20678
0.270367
0.281844
0.520932
0.243555
1.96586
3.10978
9.98194
24.6353
12.2289
11.6294
8.55051
3.61238
0.362654
0.253505
0.243079
0.232139
0.220741
0.208724
0.21463
1.28485
2.99423
7.79893
6.06964
8.18457
7.35752
1.72274
0.830627
0.804742
0.617505
0.580763
0.726162
0.505043
0.922071
0.435159
1.08269
0.297108
1.24574
0.193681
1.50618
2.80964
5.33397
32.4888
21.6239
10.5559
4.3097
3.88883
3.31718
2.07025
1.73337
1.03319
0.547152
0.596227
1.01816
0.69028
1.02158
0.76545
4.07853
8.60528
3.38671
5.7216
1.75128
1.8275
0.475843
0.950446
0.349971
1.07213
0.329256
0.406359
1.19525
1.82483
0.592852
1.02203
0.564906
2.34961
1.42036
12.823
24.3058
17.5617
3.42188
1.99949
0.459348
0.678295
1.00905
0.837443
1.27945
0.33031
0.39572
1.03463
1.511
0.836571
1.16585
2.32693
9.00817
14.6676
29.3618
3.21571
4.84525
0.746996
0.8202
0.49697
0.658533
0.672376
0.53748
0.774498
0.502725
0.888115
0.461978
1.01858
0.41599
1.12523
0.362345
1.25176
0.368764
0.365911
2.7741
16.7037
38.2122
19.091
9.4452
6.54924
8.0995
1.04634
0.415433
0.348903
0.339956
0.330636
0.320716
0.324805
1.27109
1.0219
1.52667
3.14151
10.2366
14.5322
9.77938
11.3824
3.28464
8.61079
1.35543
0.935634
0.348018
0.339209
0.341939
0.742219
0.938651
0.885904
1.03625
0.776805
1.27961
3.71063
8.29591
20.7572
10.5576
2.1492
1.32139
0.701796
0.88747
0.947485
0.501561
0.775328
0.601084
0.744009
0.71334
0.759285
1.33942
0.832776
1.64056
3.15624
9.9696
13.4362
8.71139
7.02501
12.0569
1.16781
0.5434
1.11934
0.473614
0.579121
0.594255
0.5141
0.723242
0.445518
0.860801
0.373217
1.00642
0.357449
0.324096
0.307919
0.313882
1.42904
8.42535
16.4892
19.1898
19.2004
29.9621
3.56537
1.13197
0.62507
1.78261
2.16496
0.713556
0.445584
0.65559
0.593078
0.634514
0.68313
0.611125
0.780874
0.576532
0.883568
0.539314
1.00472
0.824553
1.07624
0.51858
2.26186
7.88675
16.2064
18.5468
12.649
3.84723
2.96239
2.4521
2.08962
1.47507
1.52708
0.407183
0.876986
0.786609
0.846508
0.798174
0.92353
0.875948
0.938211
1.04042
1.50353
5.53815
7.52032
24.3844
42.1655
8.22005
4.00504
0.564585
0.517292
0.448252
0.441117
0.433614
0.425471
0.416817
0.455149
1.71746
5.84581
3.77523
20.6832
13.0016
12.0598
1.76572
0.424362
0.417377
0.410392
0.402568
0.394366
0.385766
0.376589
0.366738
0.385721
1.32461
2.23038
3.94626
11.8128
8.18429
6.85833
1.6116
1.99212
3.62373
2.65306
0.933276
3.81655
4.45681
3.61071
0.929704
1.92183
4.51681
4.20451
3.02749
1.09056
0.499283
1.75178
0.38957
1.1174
2.01933
0.651827
0.984574
0.584421
1.12126
0.520935
2.88077
12.3135
52.6256
19.6568
4.89776
4.57892
0.446066
0.340651
1.23985
1.49922
1.7244
1.9075
1.46696
6.9455
10.8599
12.6397
1.45119
2.8032
1.0508
1.00727
0.753659
1.34886
0.499126
0.853957
1.43878
0.546134
0.77603
0.751582
0.62569
0.878606
0.559664
1.01174
0.492125
1.15101
0.446517
0.456121
1.83276
2.54185
5.37702
21.4006
32.5566
11.9348
3.3192
7.61736
4.21312
8.77884
15.0587
12.6677
3.08867
1.3268
0.803274
0.662667
0.699901
0.501405
0.495286
0.488837
0.481986
0.474752
0.467015
0.458847
0.450065
0.440699
0.430677
0.454649
1.27872
2.30749
4.49178
19.1487
20.4904
18.3364
1.70144
1.51651
1.11651
0.695134
0.541512
0.670401
0.623557
0.658295
0.711306
0.628615
0.85945
0.563494
0.95541
0.502005
1.12589
2.06565
7.7367
2.67846
14.7055
14.946
14.7013
11.9715
3.53893
6.63184
1.63787
0.522242
0.458316
0.452474
0.445178
0.436183
0.427005
0.460138
1.36083
5.96789
5.75466
11.0203
11.0198
9.62567
2.44637
1.75164
0.480976
0.473856
0.466267
0.458252
0.449594
0.441882
1.05635
2.6793
0.475258
0.465301
0.455314
0.443639
0.431055
0.440774
1.32147
2.39252
2.3191
12.7169
32.6784
41.6219
13.772
3.84541
2.46321
2.43873
5.06487
10.9932
2.52895
1.06733
0.433981
0.456547
0.442272
0.751793
0.525985
0.730524
0.620156
0.697469
0.723137
0.669273
0.828587
0.620326
0.975011
2.18349
2.79137
8.44455
15.2605
27.9472
14.9246
4.09558
1.17322
0.732853
0.719617
0.626433
0.510632
0.504397
0.496354
0.487958
0.479279
0.470034
0.460343
0.482004
0.955712
0.919259
0.566565
0.737708
2.20214
2.66075
3.343
2.23009
4.67176
8.24034
8.26565
8.20788
8.8728
13.1397
32.6349
15.6583
17.7222
1.58201
0.646544
0.788555
0.618988
0.472612
0.465329
0.460702
0.449086
0.456097
0.917024
1.69807
2.32555
6.59355
7.61358
18.601
2.66643
5.57082
1.44631
0.651705
0.56939
0.751486
0.734393
0.635498
0.83198
0.602822
0.941491
0.563227
1.04009
0.521179
1.15077
0.518351
0.519879
0.780688
4.37204
18.1441
19.445
18.4363
5.99863
3.28096
0.825012
0.651941
0.675353
0.684548
0.50799
0.463495
0.454635
0.445268
0.434814
0.430998
1.18414
3.24155
1.75774
2.64402
1.21845
4.42119
6.83608
35.822
21.9077
10.407
2.23263
1.56242
0.643507
1.04085
0.797652
1.95625
1.04612
0.765024
0.719103
0.843745
0.700352
0.926929
0.701419
1.41819
1.27352
1.33235
0.525393
0.801328
1.53689
4.86535
8.16231
29.2237
12.8936
7.75156
4.26494
9.14972
8.59049
7.08384
0.7558
0.451756
0.444786
0.441968
0.643795
0.557288
0.577567
0.647385
0.545375
0.745035
0.518689
0.847438
0.494236
0.473746
0.459973
0.447928
0.435037
0.421299
0.431455
1.56402
7.67343
23.0105
21.9677
11.4771
8.00854
0.960668
0.721468
0.635086
0.482722
0.454019
0.44586
0.437217
0.428217
0.46198
0.876474
0.684776
0.697673
0.828518
0.637492
1.97727
4.72559
18.6666
21.8605
20.5804
29.4874
8.0063
3.42119
1.47877
0.82123
0.706761
0.677462
0.566584
0.548808
0.542493
0.5358
0.529449
0.5207
0.512929
0.504373
0.495359
0.485801
0.477295
0.464287
0.495543
2.11673
9.32133
14.0855
18.1919
4.58168
6.01108
11.2177
5.97245
8.18581
2.16645
1.64137
0.516835
0.887061
0.566695
0.934165
0.647711
3.02171
1.20736
1.83164
1.28927
1.51798
1.51306
0.789058
0.604289
0.907772
0.541219
1.0328
0.485962
0.453816
0.440202
0.425618
0.410061
0.393381
0.430212
2.0513
6.84373
5.8668
23.2912
19.0123
46.8418
8.65103
2.4464
1.00104
0.835448
1.27111
0.59682
0.522932
0.517671
0.511918
0.514854
0.504
0.497173
0.489979
0.482353
0.474252
0.465745
0.507065
1.21964
2.5598
9.15435
22.958
14.9691
14.782
2.5707
3.01584
1.29441
1.90635
1.16522
1.31717
0.512211
0.479637
0.470907
0.461419
0.456909
0.612718
1.12579
2.27402
1.23216
3.00898
1.53291
3.33897
11.8087
10.0151
3.7598
5.83132
1.3628
1.04192
0.572524
0.822829
0.535727
1.30227
4.61716
9.42788
43.8611
15.5867
15.798
2.6925
1.79079
0.562637
0.504437
0.680696
0.627385
0.666219
0.700635
0.650302
0.783943
0.638538
0.95026
0.530012
1.05786
1.55991
7.98065
19.744
21.3396
5.51384
7.14069
5.29173
7.70983
2.1435
1.17732
0.496176
0.610344
0.588497
0.625342
0.611617
0.577834
0.711782
0.539265
0.818322
0.496453
0.93306
0.500013
0.469869
0.474846
0.668757
2.01712
9.32052
23.3263
19.2801
27.6216
15.1079
9.8095
2.19089
1.47577
0.552499
0.695519
0.925113
0.465644
0.458523
0.45064
0.442819
0.434129
0.423585
0.431757
1.48695
3.21871
1.51883
0.827778
0.798504
2.54068
4.49514
17.8325
11.011
12.4234
10.4035
1.86182
3.53727
0.865302
1.34087
1.2105
0.417558
0.411999
0.862115
1.46283
0.66397
0.874519
0.554733
0.982303
0.559701
1.37217
0.978775
1.48195
0.881365
0.405667
0.383966
0.369691
0.421556
2.58516
8.43238
40.2461
16.5612
7.47931
15.1761
8.53211
13.7801
0.666348
0.442408
0.409422
0.398384
0.390914
0.383686
0.376366
0.368258
0.358649
0.347985
0.394523
1.14978
3.90884
1.87397
5.3286
4.38321
7.17655
3.47852
1.96633
3.30313
3.15005
4.48344
9.31108
5.63228
6.06701
3.19086
1.08969
0.360292
0.350309
0.339951
0.328886
0.317168
0.320693
1.36242
2.48314
0.860207
1.26438
2.29812
2.35191
0.914609
2.07783
0.62189
0.974165
0.537085
1.13889
0.444865
1.31277
0.407126
0.391716
0.405384
4.71043
22.3761
63.8789
33.6887
9.2328
2.12694
0.69499
0.784778
0.882159
0.52838
0.467175
0.448258
0.440816
0.465419
0.956328
1.95555
0.928598
2.35204
0.520422
0.484762
0.475528
0.465592
0.455082
0.443909
0.431952
0.419169
0.457006
2.02088
5.03267
3.87032
18.305
30.3109
11.7601
13.9515
8.00845
7.34324
1.16593
0.547221
0.940707
0.979382
1.59841
0.615229
1.14557
1.83089
1.63343
2.80665
5.24515
7.24205
9.83326
2.89027
8.6685
11.9697
14.1497
9.88823
9.26719
1.60939
1.05078
0.742045
0.482961
0.771894
1.27663
0.480111
0.992468
1.82252
0.490937
0.482187
0.473409
0.464244
0.454396
0.443953
0.437973
1.81752
3.46279
1.99594
8.25626
20.5117
23.564
14.3791
11.8747
14.643
4.19978
3.74925
1.06184
0.417747
0.401221
0.414032
1.04415
1.81068
0.442913
0.430783
0.422923
0.447791
1.18682
2.66327
4.39236
5.79623
9.48912
3.51062
2.58693
2.28673
0.360915
0.35138
0.342842
1.05252
1.61071
0.609154
0.85213
1.34391
0.453947
1.90605
10.499
11.7526
17.2228
15.6545
10.3631
16.4633
14.5287
4.50674
0.480104
0.442924
0.446657
0.737014
0.641242
0.505525
0.725739
0.474431
0.815715
0.481674
0.472942
0.463663
0.453973
0.443581
0.432487
0.420508
0.406369
0.392584
0.425929
1.86029
5.58818
4.13718
9.65109
26.5395
32.2636
27.4161
10.5263
3.33983
0.651705
0.642592
0.702967
0.705946
0.665058
0.597805
0.806154
0.661566
0.854593
0.498919
0.398603
0.372724
0.399536
1.68312
4.14732
13.1965
20.9976
10.36
3.03548
0.5285
0.769187
0.53576
0.811757
0.515966
0.890984
0.514658
1.17987
0.488975
0.444086
0.433362
0.421932
0.410365
0.396219
0.387931
2.33891
7.74721
25.4966
8.813
4.86725
4.96689
4.68186
8.02453
8.06979
3.72575
1.65499
0.420517
0.413601
0.437669
0.864704
1.38861
0.410708
0.400869
0.412733
1.54666
3.82728
0.704362
0.769987
0.821837
2.00705
6.86124
18.3185
19.8289
10.354
2.39163
1.16166
0.811168
0.42643
0.742974
0.547289
0.673508
0.639854
0.643778
0.736589
0.614897
1.0284
0.464995
0.453591
0.443566
0.431675
0.419313
0.406032
0.391763
0.410701
2.52624
10.2772
26.8884
17.9322
10.462
11.8738
3.686
3.11504
2.06258
0.399248
0.394013
0.818048
1.2344
0.460771
0.785887
0.567259
0.712691
0.682844
0.660852
0.802356
0.613715
1.02201
0.502377
0.439616
0.425076
0.410796
0.412345
1.82351
4.43237
9.30658
47.5047
28.5524
16.752
5.70368
0.900829
0.854708
1.15819
0.425859
0.512956
0.783339
0.574668
0.771831
0.642947
0.798767
0.803801
0.672814
0.92318
0.612638
1.00765
0.590723
1.15137
0.563285
1.20585
0.533012
1.38979
2.92998
15.0942
29.3232
15.1313
6.21196
4.50853
4.71977
2.88441
1.88942
2.60325
1.01585
0.470734
0.462883
0.453847
0.449373
1.06854
1.39732
0.689723
0.85865
0.560359
0.477656
0.465434
0.458713
0.454082
0.737029
1.03182
5.51253
18.0501
29.299
9.5106
3.86643
4.49707
0.861591
0.486692
0.475587
0.459891
0.492698
0.81628
1.51225
1.37983
2.75502
6.07983
4.44278
6.50931
9.81292
23.5186
24.7486
2.81401
4.66127
1.8046
0.624703
0.442489
0.430712
0.421819
0.445725
0.415367
0.407182
0.408864
0.493374
2.20085
8.39859
14.6754
11.0064
7.98854
4.99362
1.61675
0.500063
1.06251
0.382118
0.373538
0.365196
0.355692
0.346205
0.335471
0.324295
0.328106
2.20031
4.82735
10.9875
29.7803
14.7138
21.9888
2.83776
1.04346
1.05095
0.469928
0.419261
0.412112
0.405158
0.401001
1.70577
4.15956
3.04595
6.31585
8.42027
7.29367
8.50203
2.79439
1.25873
1.67063
1.48752
1.5819
2.63992
2.81594
0.450399
1.05421
0.430787
0.425523
0.465152
1.36034
6.86103
7.52959
15.7285
11.6812
2.13787
2.8474
1.28464
1.38386
1.65048
1.46958
0.378573
0.368055
0.35741
0.345499
0.387428
2.03813
4.13001
9.81353
33.5913
12.1488
15.0879
2.82405
0.674355
0.47267
0.46374
0.950315
1.76401
0.480218
0.472303
0.462825
0.453711
0.443486
0.433128
0.421605
0.409782
0.396825
0.383098
0.404486
2.45359
5.90639
3.67793
3.70809
6.78028
23.0104
43.6681
6.0915
3.4246
1.19717
0.490649
0.731083
0.749955
0.683438
0.738305
0.781601
0.728675
0.941893
0.619708
1.02925
0.608553
1.33691
0.794717
1.36857
0.888059
5.69875
17.1611
25.9257
46.5655
10.2937
7.08411
0.958917
0.594238
0.658423
0.668791
0.574495
0.788775
0.558439
0.882457
0.489121
0.467039
0.459796
0.452183
0.443174
0.435735
0.468357
0.882598
1.08369
1.56897
9.57219
17.1557
13.8183
18.8016
4.45796
3.94999
1.76095
0.593895
0.565351
1.94613
2.9205
1.16194
0.395314
0.384647
0.380466
1.21083
1.877
0.777509
0.839528
0.621857
0.977252
0.58306
1.59633
0.669901
2.75925
12.2045
34.9681
19.0157
24.1925
9.69491
4.9236
1.06338
0.809976
1.55804
1.68518
1.48827
1.5911
0.506777
0.464241
0.457235
0.456945
1.13565
0.444273
1.77286
3.41837
10.6083
18.4019
42.8067
9.62205
1.00993
0.504121
0.819996
0.467644
0.462116
0.455761
0.449755
0.442614
0.461852
0.63588
0.847218
0.602395
1.05103
0.483731
0.474342
0.464386
0.454019
0.442627
0.430667
0.431615
1.05755
5.14012
16.6261
21.3818
13.3132
13.5608
8.4621
5.71116
2.51456
0.831951
0.930272
1.45368
3.33969
4.51098
3.10694
3.92198
1.36465
0.737661
0.840604
0.557598
0.947992
0.515668
1.06023
0.495442
0.462983
0.45113
0.439114
0.425644
0.413638
2.17631
6.60374
27.2165
43.7009
7.01312
3.30573
2.02744
0.960912
0.73101
0.529429
0.522016
0.514441
0.505353
0.495389
0.483914
0.470674
0.504915
2.16432
3.39077
3.07946
9.28549
16.5068
10.8455
9.62142
3.01106
5.65931
4.40274
8.348
5.67571
4.05607
2.97326
0.81384
0.774186
0.5174
0.452244
0.444349
0.435138
0.426196
0.415785
0.405277
0.406282
1.94804
2.70945
1.58237
1.45745
5.15078
16.1319
32.4155
36.3244
11.4834
11.1434
3.75871
1.99195
1.01165
0.60651
0.698697
0.647051
0.584785
0.720453
0.549832
0.841136
0.534801
0.907819
0.526428
0.504903
0.4961
0.486656
0.476566
0.46557
0.453466
0.440063
0.450547
2.44232
10.3988
11.1681
23.9452
11.8316
14.1492
7.51383
1.8017
1.32296
1.46133
0.440236
0.789163
0.655696
0.687649
0.731617
0.667233
0.958531
0.507892
0.450096
0.438839
0.426839
0.414356
0.400829
0.386733
0.371089
3.4695
7.74984
10.6919
29.4783
35.0202
11.4285
1.23968
1.18157
1.53749
1.19346
1.14485
1.11436
2.96391
3.1169
4.07543
0.822147
1.00782
0.592284
0.524309
0.70679
0.678045
0.680249
0.84064
0.608475
0.938788
0.567735
0.516641
0.505232
0.493415
0.484317
0.466877
0.452098
0.436639
0.431047
2.74234
8.81021
28.0233
16.7677
9.56582
2.20026
0.708686
0.654383
0.718356
0.591846
0.662044
0.90434
4.1822
12.1871
33.3757
18.1343
16.5667
1.8763
1.6713
0.550131
0.672687
0.602092
0.663015
0.67225
0.656573
0.754219
0.654443
0.890425
0.586272
1.40285
1.12173
1.73142
0.906457
2.72666
4.30514
13.9045
29.3097
8.45937
8.24839
2.25335
0.66202
0.670895
0.575475
0.556153
0.541587
0.534656
0.527054
0.518997
0.512923
0.499877
0.491178
0.479841
0.467005
0.449184
0.430504
0.446921
2.73597
10.2403
25.8711
10.2032
18.1533
20.6876
7.78971
3.64154
0.758763
0.701384
0.552143
0.507136
0.46985
0.450961
0.439479
0.430827
0.42215
0.42124
0.607606
3.32912
11.3217
18.7874
26.1567
8.39251
4.82374
1.62504
0.637582
0.598444
1.15342
1.32004
3.82877
5.124
3.27897
6.04009
1.17993
0.418613
0.820142
1.22783
0.425093
0.845899
1.50189
0.506617
0.917525
0.403307
0.391898
0.380264
0.36839
0.355146
0.341516
0.326359
0.333916
1.99085
9.94765
37.8251
21.8303
29.6843
16.3737
6.75242
2.87574
1.56483
1.54942
0.656208
0.414198
0.420572
0.612051
0.473063
0.602128
0.539125
0.591921
0.610961
0.579966
0.69912
1.31034
2.64892
8.63178
22.2381
18.7135
7.31827
1.24221
0.496417
0.43527
0.42897
0.422842
0.415704
0.433439
0.984769
1.39533
0.729394
1.64272
0.487437
0.465645
0.455785
0.445197
0.433012
0.41791
0.436998
2.23272
7.2116
18.2708
21.5526
10.4861
5.08521
1.58994
0.925739
0.539135
0.54455
1.00418
1.49105
0.579842
1.02768
1.54099
0.63004
1.01689
1.86675
0.555226
0.726898
0.603978
0.498696
0.657611
0.796575
3.25256
13.8847
38.4643
10.718
2.41782
2.5626
4.58937
1.68886
1.67064
0.890522
0.410264
0.403126
0.395194
0.386584
0.378604
0.369601
0.360586
0.350528
0.354411
1.49233
2.34907
2.2934
1.5129
3.4253
0.584221
1.02464
1.92854
0.493092
0.429659
0.415712
0.401893
0.452754
2.04625
9.82542
34.9583
9.1345
18.7722
20.8552
6.15725
4.30774
1.49009
0.525393
0.457706
0.499665
0.554394
0.558203
0.547481
0.624761
0.542185
0.692885
0.533548
0.766653
0.519411
0.842425
0.50387
0.99345
1.68358
1.28574
2.2219
5.00284
19.657
48.6734
11.9994
9.63179
