673.098
480.269
310.055
210.706
149.432
118.576
126.985
114.844
130.058
94.8466
69.3297
74.7622
86.0884
97.2153
77.6674
90.6128
101.109
82.2105
66.5983
61.186
70.3469
73.7508
68.2709
56.839
58.9283
42.0676
71.1775
111.425
90.0674
72.0228
45.9309
42.3602
44.6522
61.3178
85.9178
83.8669
85.7006
52.3003
50.9145
49.1693
65.7525
74.4736
66.1824
41.0074
51.911
89.0878
61.4596
52.2939
40.7784
59.3902
63.4014
72.1656
71.4869
61.8317
62.5686
45.0799
33.0678
39.8205
44.4161
44.6143
37.9187
41.1976
51.5144
94.1579
64.619
54.6753
53.7787
51.8153
62.3977
35.0987
28.8052
20.3252
20.2861
21.3162
25.2814
48.5855
84.3152
110.676
48.1626
46.789
45.9325
48.5348
48.4415
52.2383
34.3158
26.1554
28.8483
17.877
24.6311
45.9936
80.06
69.3839
69.5328
56.6419
35.1117
22.3756
17.9047
18.8532
29.7506
35.5802
36.3913
49.2745
85.7273
73.9918
40.6388
39.3178
36.7808
25.9291
24.9354
25.0286
28.031
41.7884
64.9625
43.688
40.7537
27.2476
24.2236
19.8039
26.0214
31.9176
49.3537
50.9768
38.6402
23.105
36.1627
58.4168
70.9929
31.5418
16.7381
13.1735
15.0496
30.2083
62.6418
60.1589
63.2805
20.8599
14.7324
16.4091
29.5759
33.3912
60.7159
70.4634
31.4325
13.7519
19.058
32.5343
52.7067
63.6732
40.0608
23.8606
18.4486
10.9335
23.6589
37.2774
32.6174
54.1813
35.875
20.0521
14.0238
16.7693
20.9667
26.6109
43.1047
57.1527
49.8811
30.0545
17.5285
24.7561
40.6788
49.9634
45.4004
42.6005
26.2229
25.8666
19.7012
26.6117
20.4303
36.092
27.8418
19.453
7.79053
7.98443
5.97311
7.43339
22.7518
52.129
97.1485
75.139
20.3521
13.3987
20.9115
29.547
36.0636
26.5562
23.5955
36.0703
25.9424
21.0647
30.6193
39.7477
32.6886
19.3088
11.7037
6.46281
8.04351
18.267
39.044
75.373
36.8807
36.4499
27.1876
14.8516
13.0364
11.3844
17.6282
20.9433
62.023
67.5101
31.5894
18.807
16.3823
13.4474
13.7751
10.761
10.1173
8.83417
8.18639
7.80583
21.3204
41.991
66.9335
68.6838
28.6596
37.3373
41.1225
40.8259
23.7453
9.18062
4.88988
5.97257
3.98879
4.51182
4.50881
15.2699
12.9279
16.4775
25.7911
44.0104
64.1438
54.4235
36.2004
28.5756
36.6884
34.6201
36.5718
26.3164
27.3745
18.6079
14.7983
11.8603
9.19381
5.05692
3.25323
2.56446
5.4922
10.538
9.8697
20.0252
47.1457
64.5474
59.9051
20.1467
12.7754
10.5726
20.7985
28.0526
57.0791
41.9791
20.0643
8.83311
7.6077
6.19765
13.5243
24.793
54.5582
68.8992
42.2386
24.461
17.0462
12.8733
6.54633
5.63718
3.99148
5.59646
7.31275
26.3712
20.755
38.2606
22.6475
28.9589
16.8202
14.8908
20.6832
34.9358
24.1559
14.2894
9.099
13.6203
25.8512
46.9675
83.2059
19.316
10.402
7.04677
4.70762
4.608
4.71353
8.5405
23.9281
38.7617
45.5282
39.9528
20.3503
32.3811
27.6174
9.12317
8.83245
5.38124
5.01307
2.36502
2.91854
4.21382
11.066
42.4761
72.7479
50.527
27.4896
8.10162
5.13317
9.95462
5.60358
7.17934
11.875
42.96
78.7098
49.9961
24.6474
7.12982
4.12718
5.20593
2.63101
2.78222
3.07234
9.36198
13.7587
27.484
40.571
48.5027
49.446
18.7939
8.40871
4.71119
5.22314
9.55428
6.59593
4.36835
4.56505
12.6985
24.3104
80.7321
91.6916
43.4034
21.9169
8.67264
9.92285
4.83653
3.84679
2.63097
2.07287
4.12477
8.3232
5.51912
3.6777
0.849014
0.745839
5.12154
24.1682
55.2182
84.1334
30.9908
27.2926
29.4181
21.1086
13.9311
10.7696
6.46211
5.24451
5.1404
6.51393
9.3487
11.4279
12.2288
31.7774
85.8897
62.3973
21.0934
8.32391
4.84861
2.05974
1.96871
2.21054
6.0796
9.68532
43.6617
68.3404
43.7782
23.2227
17.3663
34.4863
22.7919
7.33905
9.27412
9.46828
7.80455
5.91203
4.41061
3.28134
6.93895
18.6804
25.1017
13.3197
10.805
8.20921
38.2711
56.3054
38.7616
39.391
13.8423
10.8711
10.962
10.5021
2.21619
1.71376
2.4906
2.47424
6.8491
4.7712
6.56391
17.2855
50.1477
81.6471
43.7636
31.5723
9.2068
4.59905
3.86548
1.89028
2.58408
1.44601
2.08078
5.62544
3.63439
17.0824
50.1686
61.7372
49.3491
12.7697
6.6826
5.77036
1.45024
2.04893
2.56587
3.33544
3.41775
4.78306
16.8915
59.7847
93.4726
32.6858
23.9009
10.4852
6.42112
10.3501
11.3691
4.05095
4.28555
3.14422
11.7254
3.82238
6.0345
15.2856
32.4485
50.4023
31.225
38.644
16.6746
9.49734
7.50831
7.61705
5.15762
5.40285
3.43032
6.71039
4.95673
3.99581
1.37602
3.32159
3.28642
20.8816
68.4389
108.41
38.6039
17.9552
14.2016
8.22537
5.96215
4.7278
2.58392
2.31099
6.81174
4.02309
7.94737
4.55429
2.64169
14.0455
37.0442
74.7642
46.8289
18.7777
9.99837
13.4643
12.4838
7.45874
3.15349
2.10781
5.5942
4.82184
12.6805
16.3403
37.3647
51.7676
40.3702
12.3637
10.2018
9.54127
5.35299
6.06425
1.84143
2.20446
2.50247
3.23159
11.4824
3.09551
1.98449
4.21991
16.0859
53.5109
105.618
59.5495
12.5073
5.87671
8.15
13.0961
11.1354
19.5779
38.8331
44.0824
19.7288
10.7734
9.78822
11.0858
8.80311
5.6324
1.98231
1.82683
1.75559
2.41315
2.04902
11.9001
10.6958
34.3948
54.0221
25.0242
22.9871
17.203
10.165
5.85213
5.77677
15.8226
22.385
21.7308
21.4222
12.9417
6.1477
2.20285
1.31966
1.09344
2.12163
3.32885
13.4484
16.041
37.5628
63.4257
69.6164
54.1771
29.1375
18.0916
6.56943
6.41515
1.60036
1.53864
2.13261
3.80364
8.30319
1.86553
0.641722
1.92093
2.47653
1.06412
5.4326
4.56713
19.3996
33.4504
81.7594
90.4671
15.8372
10.608
2.71504
2.64247
1.21507
3.46222
12.7361
30.1935
26.3497
26.6255
9.6207
2.86501
0.922006
2.47613
8.01838
3.48742
2.11983
2.32127
5.8012
4.55594
4.75588
1.86755
7.51384
3.51165
12.7219
46.9217
81.8896
48.8891
14.6251
15.0255
9.57858
13.2615
9.33932
28.0665
44.2671
38.9223
20.8191
7.60616
3.5112
1.24198
3.32809
7.23856
4.59316
3.61081
2.10735
5.08176
2.03199
5.16922
2.81269
4.57497
8.06739
37.802
92.7447
45.2525
21.8865
8.3566
3.76675
2.73622
2.63885
5.07809
1.30915
2.33348
3.9475
2.09004
1.88944
4.1411
2.08827
8.10419
22.8215
99.9125
106.476
17.6885
8.68904
6.38263
10.3785
14.6778
16.4221
26.8665
20.7953
12.8865
4.87701
1.98549
3.45736
9.07963
12.4097
13.6254
18.4117
20.0509
10.4518
9.34569
6.34949
14.6169
28.184
38.326
14.8042
11.1182
7.38004
1.64152
2.21314
5.82622
1.67611
2.7213
5.24157
9.03107
11.0571
23.4618
45.8077
58.5796
28.9102
8.71379
11.6473
8.4373
13.1149
31.5636
54.5757
33.6023
14.489
9.33407
3.01998
1.40064
2.09185
0.99563
1.28216
4.5884
9.82685
37.1626
35.2475
26.9751
15.9206
6.39629
2.45142
3.05988
3.24785
5.96679
16.127
7.21205
13.5417
21.8128
44.9748
38.0595
9.79486
2.90324
1.8969
2.9212
4.26285
5.5118
6.76092
2.13548
3.07216
1.81346
2.27296
2.445
9.15107
10.2603
30.6438
73.9706
103.237
16.775
5.77498
3.45328
2.23115
1.65238
2.69855
2.31436
9.31966
6.9133
16.5082
31.3639
25.9188
31.9337
19.4981
12.0976
4.14978
1.54079
1.29876
1.67488
2.91043
6.01015
3.08787
2.71967
8.77618
3.27174
7.62092
12.3364
37.3014
85.8383
19.6671
19.6292
15.0601
6.62264
3.99591
3.55746
2.43971
5.28783
1.51386
0.879272
1.80917
2.10337
9.30183
4.35297
8.18266
31.9356
102.007
88.1869
19.3382
12.9442
2.56021
3.575
8.58815
5.02934
7.30119
1.89054
8.88692
9.41331
20.6323
35.7949
27.593
7.12191
7.4934
5.37612
10.4186
7.63816
16.7001
13.4487
13.7285
19.1079
24.4478
15.261
14.172
18.2163
17.8973
4.83399
2.32325
2.79609
4.40534
7.42826
2.16676
1.82505
1.61755
4.01655
0.383584
1.43244
5.97185
25.2075
52.1632
91.6339
23.2825
12.0651
5.32368
2.95232
2.5307
1.85299
1.92279
4.44538
1.63732
3.12428
4.59369
2.57439
1.4164
5.75065
9.6362
39.8207
45.8011
43.5633
53.3716
42.4855
17.7561
4.3384
1.59196
0.867224
2.31746
7.84935
3.09198
6.60924
16.4567
31.6308
31.0212
19.9382
4.14717
6.2229
1.67327
2.30849
3.02546
1.69465
1.87907
2.41373
6.66296
2.27273
2.04393
2.52845
4.9704
6.68005
21.6701
63.3705
79.2582
42.2674
18.5209
17.3634
21.354
12.6177
4.51293
2.78068
3.12204
8.9513
3.90565
3.48373
2.4669
13.2438
17.7877
26.8706
26.5853
17.3394
3.88347
2.88481
1.72
1.87554
1.38568
1.14618
1.55341
3.1361
1.33259
3.14692
2.12593
8.94712
10.2696
22.7221
39.7709
57.6541
31.8947
13.9827
5.27949
4.08235
5.2499
30.3042
92.6168
56.9895
16.7191
6.58121
2.85607
2.14922
1.41632
2.98942
1.332
5.67234
2.53928
0.861575
2.46658
0.849484
1.4347
0.823978
2.47057
1.35347
11.6558
31.0682
49.3411
60.4877
26.8314
17.7912
23.0978
23.4296
5.09033
4.72058
3.02874
3.58386
1.65319
1.45339
2.3376
3.85555
9.0688
6.78354
17.767
23.8102
42.2118
60.29
37.3016
16.4045
8.00461
1.81647
2.81403
3.32509
3.25885
4.42964
3.06325
9.87042
5.25197
16.9563
37.8523
34.1227
24.0699
11.328
3.85047
2.16143
2.17807
1.34386
4.22684
1.32167
3.2444
1.73546
3.10876
2.66167
10.4431
12.6466
17.6648
31.6289
44.4735
40.6957
33.2178
17.4345
7.49708
7.20331
2.618
1.29031
2.06719
1.01861
1.88415
0.481145
4.10728
9.37393
3.74954
2.30568
3.43065
8.35279
4.72071
4.82519
29.7725
119.996
63.6271
17.2095
12.1945
4.2654
4.38957
2.37372
3.88212
1.25036
1.18196
1.47378
0.909281
1.85606
1.34946
1.96974
1.39007
3.58579
16.3146
40.4335
57.325
24.8259
14.9887
12.1766
16.3931
17.1337
16.4633
5.46185
2.56544
1.62672
2.46983
6.60461
4.74927
5.23894
3.6169
2.05509
4.8812
14.7562
23.1748
80.9633
77.9758
8.69539
2.38478
2.48265
2.01044
1.06571
1.56526
1.20003
4.36644
7.73627
3.12468
1.65745
2.56426
8.56644
33.27
36.9106
33.0403
27.8768
25.065
13.2773
11.5231
5.56768
3.06376
1.79712
3.63177
1.94608
1.33757
1.12856
1.34598
1.1131
3.45955
1.59797
4.66471
0.875122
2.52016
6.3534
4.16492
16.4692
24.2227
84.8256
56.6638
43.865
5.10919
3.55564
2.96553
1.26923
2.33083
0.923092
2.35442
4.39783
20.2835
38.8488
29.8075
12.9596
4.56771
3.67196
7.09556
3.26709
3.29513
6.3689
5.92316
8.03556
18.9208
39.3087
50.1152
28.5108
14.155
19.8323
17.4851
9.44578
5.33745
1.08231
0.994821
2.62753
1.02752
1.53859
1.69421
4.15819
1.16024
2.00167
1.75315
4.9016
14.8761
87.817
88.9615
26.3553
18.5966
7.01237
5.50783
3.46339
2.6383
7.45699
2.24376
4.98476
3.91344
6.5024
2.33534
2.71418
12.2068
38.2806
58.5118
34.3372
11.8806
9.34842
4.36489
2.65945
2.3695
1.80299
2.07672
3.46692
8.86511
6.4285
14.3696
35.2549
34.7548
28.5497
