754.184
417.344
302.91
242.424
211.893
190.694
169.672
149.918
132.343
117.535
108.128
103.95
103.746
103.9
102.554
98.4842
92.1775
84.6622
75.7355
66.1858
57.0495
48.8551
42.575
37.6776
33.333
28.2088
23.8824
20.204
18.7527
17.9828
17.2164
14.8614
12.0293
10.0241
8.92106
8.45376
8.08494
7.08679
5.87247
5.29956
5.17261
4.79866
4.40743
3.59512
2.34853
1.92823
1.93769
2.44145
2.02101
1.17352
1.77762
1.6228
0.908926
0.625472
0.217302
0.534151
0.738985
0.574007
0.05851
0.257817
0.104227
0.0882924
0
49.8617
33.3726
21.0019
21.8871
23.1983
18.4645
16.4974
16.4974
16.0756
14.3623
12.0987
11.641
12.8391
12.2412
10.4659
7.80164
5.49601
6.58291
8.28893
7.07285
6.31792
5.60651
4.32766
4.07173
3.8234
4.07741
3.67898
3.41281
3.55984
3.13871
2.82281
2.91375
2.90112
2.47348
2.31486
2.63169
2.58286
2.27221
2.03433
2.22137
1.78369
1.58932
2.39109
1.39051
1.63924
1.30697
1.32267
1.29592
0.896302
1.23986
0.839571
0.991511
0.612471
0.955822
1.01637
0.835024
0.852206
0.621289
0.903321
0.613824
0.745591
0.690723
1.01293
0.631303
1.04596
0.259206
0.409879
1.13879
1.1057
0.146154
2.57759
2.37279
0.679949
1.1596
1.13286
0.467947
0.885717
0.318143
1.69296
1.24353
0.501595
1.08197
0.864537
0.934856
0.552363
0.870478
0.284501
1.18843
1.46947
0.86481
0.741468
0.0901104
1.16478
1.3507
1.11192
0.843559
1.38571
0.763669
1.46481
2.19768
0.722833
0.866645
0.884263
1.26896
1.29761
0.450795
0.973548
0.676917
0.311951
0.849577
0.273297
0.629635
0.202863
0.428829
0.892905
0.184157
0.426704
0.339738
0.0671274
0.760587
0.89759
0.309924
0.0295012
0.347127
0.614342
0.32886
0.273429
0.334297
0.372537
0.0739987
0.0310607
0.0157415
0.21816
0.154972
0.0744592
0
65.0425
37.7761
31.0662
30.0129
19.1457
25.4579
23.8358
18.774
16.91
15.3811
19.2234
13.8517
12.0402
12.8379
9.60461
8.68134
7.74046
9.11163
9.12356
4.09799
6.33583
4.56989
2.22847
3.00584
4.32872
5.05931
2.06188
1.66387
3.13304
3.08659
1.06889
1.32792
1.23426
0.367651
0.0678784
0.178849
0.396511
0.876638
0.393357
0.141652
0
105.757
55.3871
39.4341
52.9541
65.2212
53.0277
22.7246
17.1047
38.5137
41.8372
27.3771
12.9812
17.2812
24.1353
18.8788
9.42676
6.26025
6.9947
9.38389
7.05175
3.625
3.28308
3.61028
6.05028
4.58657
1.96502
1.56092
1.37456
0.829687
0.780143
0.366592
0.535073
0.427072
0.274983
0.303909
0.0528276
0.157546
0.432654
0
