522.446
353.138
230.624
201.123
180.301
169.864
168.997
152.612
136.347
120.137
106.381
95.2758
77.6559
62.4209
52.3888
46.1715
40.1299
34.2695
29.3943
26.7786
24.2089
20.605
19.2012
18.5163
16.883
16.788
19.2621
19.3516
19.5948
16.4051
12.4193
11.3325
10.1876
10.4525
11.1576
10.2523
8.36838
7.59397
7.04248
5.73139
4.74994
4.68678
4.04347
2.98916
2.89799
2.87916
2.64548
1.56597
1.17445
0.955635
1.41236
1.21067
0.809389
1.22353
0.579749
0.359437
0.838209
0
30.7929
19.6837
16.0042
18.4309
15.3649
8.60554
7.55183
9.10359
7.64461
6.25566
4.82382
4.42613
3.53124
2.42096
2.14648
2.45266
2.1836
2.01594
1.9605
1.34248
0.873878
0.844178
0.620023
0.372587
0.637075
0.282465
0.581209
0.276842
0.0666149
0
76.9728
46.5952
25.6484
27.9175
37.4656
30.6611
20.7407
21.6043
23.9351
23.1353
19.2296
13.5307
8.68248
8.91557
11.0583
7.82313
6.15572
6.69699
8.74421
7.36635
2.80211
2.38068
3.62304
3.59483
3.59813
3.57285
2.81319
1.97547
1.61285
1.68317
1.25806
0.987874
0.905363
0.852893
0.303462
0.206696
0.490664
0.404758
0.0798486
0.0710918
0.267021
0.208921
0
177.099
125.653
63.4636
50.1717
66.872
70.5501
62.8093
50.5912
42.3111
39.7829
38.4608
41.0222
44.2668
47.5425
40.4156
30.8306
26.4104
25.2945
25.4372
25.5227
22.5456
19.2803
15.1832
12.2771
13.8194
15.4856
15.3229
13.8289
11.8902
9.9877
8.89959
9.23344
8.79976
7.47266
6.32407
5.93224
6.08379
6.07085
5.66688
4.83765
4.37783
4.01511
3.06932
2.63543
3.25743
3.55159
3.04069
1.95442
2.16114
2.44833
2.35684
1.85842
1.44727
1.57891
1.87194
1.7844
1.4645
1.21482
1.0119
1.1225
1.43512
1.17366
0.674543
0.634113
0.761491
0.70512
0.460712
0.259115
0.549876
0.363848
0.412854
0.421647
0.263846
0.126663
0.000120648
0.0062855
0
