602.615
601.811
601.005
600.194
599.383
598.577
597.771
596.972
596.173
595.376
594.571
593.762
592.947
592.133
591.317
590.501
589.683
588.865
588.042
587.212
586.383
585.558
584.735
583.919
583.105
582.286
581.474
580.669
579.865
579.064
578.264
577.462
576.659
575.857
575.052
574.237
573.42
572.601
571.781
570.958
570.129
569.299
568.461
567.618
566.772
565.929
565.088
564.245
563.398
562.548
561.696
560.845
559.991
559.135
558.275
557.412
556.543
555.668
554.797
553.932
553.069
552.213
551.354
550.496
549.638
548.777
547.912
547.042
546.173
545.317
544.46
543.601
542.75
541.904
541.056
540.208
539.362
538.519
537.68
536.839
536.003
535.167
534.325
533.477
532.634
531.792
530.944
530.091
529.239
528.393
527.548
526.7
525.851
524.997
524.136
523.274
522.426
521.591
520.76
519.95
519.159
518.37
517.588
516.808
516.026
515.242
514.458
513.676
512.895
512.11
511.326
510.547
509.767
508.988
508.208
507.426
506.645
505.866
505.087
504.31
503.536
502.764
501.988
501.216
500.445
499.674
498.903
498.136
497.369
496.603
495.839
495.08
494.323
493.566
492.808
492.06
491.31
490.563
489.824
489.092
488.358
487.624
486.898
486.173
485.45
484.729
484.007
483.293
482.578
481.867
481.157
480.444
479.731
479.019
478.303
477.586
476.869
476.153
475.432
474.71
473.987
473.264
472.539
471.813
471.091
470.368
469.645
468.922
468.197
467.473
466.748
466.022
465.294
464.563
463.832
463.101
462.374
461.643
460.915
460.185
459.453
458.72
457.985
457.248
456.505
455.764
455.027
454.288
453.547
452.809
452.075
451.341
450.606
449.871
449.133
448.392
447.65
446.92
446.193
445.467
444.747
444.03
443.312
442.6
441.892
441.183
440.473
439.768
439.065
438.366
437.67
436.975
436.286
435.602
434.921
434.239
433.558
432.881
432.203
431.516
430.83
430.145
429.459
428.774
428.088
427.401
426.728
426.063
425.395
424.729
424.067
423.41
422.767
422.129
421.494
420.864
420.236
419.606
418.973
418.34
417.706
417.068
416.429
415.79
415.15
414.51
413.871
413.225
412.572
411.919
411.266
410.611
409.956
409.301
408.645
407.99
407.338
406.684
406.029
405.375
404.721
404.068
403.415
402.767
402.122
401.478
400.835
400.19
399.544
398.899
398.255
397.611
396.974
396.351
395.728
395.107
394.489
393.868
393.246
392.63
392.021
391.417
390.814
390.211
389.611
389.024
388.441
387.86
387.281
386.702
386.127
385.554
384.981
384.408
383.834
383.26
382.686
382.112
381.538
380.964
380.391
379.816
379.239
378.661
378.086
377.511
376.937
376.365
375.795
375.225
374.654
374.082
373.511
372.942
372.374
371.809
371.244
370.678
370.109
369.547
368.988
368.432
367.876
367.319
366.761
366.205
365.65
365.094
364.539
363.984
363.429
362.875
362.316
361.759
361.202
360.649
360.093
359.536
358.979
358.423
357.866
357.309
356.748
356.187
355.626
355.067
354.509
353.952
353.397
352.846
352.3
351.754
351.208
350.664
350.12
349.575
349.031
348.489
347.951
347.419
346.894
346.379
345.864
345.346
344.828
344.313
343.798
343.286
342.774
342.262
341.754
341.246
340.738
340.231
339.723
339.219
338.716
338.217
337.717
337.219
336.721
336.222
335.724
335.227
334.731
334.237
333.742
333.246
332.749
332.254
331.763
331.281
330.798
330.315
329.833
329.349
328.868
328.391
327.913
327.434
326.955
326.478
326.002
325.525
325.056
324.587
324.124
323.666
323.207
322.751
322.293
321.834
321.375
320.915
320.458
320.002
319.551
319.102
318.654
318.205
317.756
317.305
316.854
316.404
315.956
315.507
315.058
314.609
314.16
313.714
313.269
312.823
312.378
311.933
311.489
311.046
310.607
310.169
309.734
309.298
308.865
308.433
308
307.563
307.128
306.692
306.255
305.817
305.379
304.939
304.499
304.059
303.617
303.176
302.735
302.289
301.842
301.395
300.952
300.508
300.064
299.62
299.175
298.729
298.284
297.838
297.392
296.942
296.493
296.045
295.6
295.154
294.707
294.261
293.815
293.369
292.918
292.467
292.02
291.574
291.128
290.683
290.24
289.802
289.367
288.933
288.498
288.063
287.629
287.2
286.773
286.345
285.917
285.49
285.064
284.639
284.212
283.786
283.362
282.942
282.528
282.114
281.7
281.286
280.874
280.46
280.046
279.632
279.217
278.804
278.394
277.986
277.581
277.178
276.782
276.387
275.995
275.602
275.21
274.822
274.435
274.049
273.669
273.289
272.908
272.525
272.141
271.754
271.367
270.98
270.592
270.206
269.82
269.432
269.045
268.657
268.274
267.897
267.522
267.15
266.781
266.412
266.045
265.678
265.311
264.943
264.582
264.224
263.868
263.515
263.164
262.814
262.464
262.115
261.768
261.423
261.081
260.739
260.401
260.062
259.722
259.383
259.044
258.707
258.37
258.032
257.695
257.359
257.023
256.687
256.352
256.016
255.681
255.348
255.015
254.681
254.347
254.013
253.678
253.342
253.008
252.675
252.342
252.009
251.68
251.35
251.021
250.693
250.37
250.049
249.728
249.406
249.082
248.76
248.44
248.12
247.8
247.479
247.16
246.844
246.53
246.212
245.893
245.572
245.252
244.931
244.612
244.294
243.976
243.659
243.343
243.028
242.712
242.398
242.087
241.775
241.468
241.162
240.855
240.545
240.233
239.922
239.609
239.298
238.986
238.673
238.359
238.044
237.729
237.413
237.093
236.773
236.452
236.131
235.81
235.489
235.165
234.841
234.518
234.193
233.868
233.543
233.219
232.896
232.573
232.251
231.93
231.614
231.3
230.986
230.673
230.36
230.049
229.744
229.438
229.13
228.821
228.512
228.202
227.892
227.581
227.269
226.958
226.647
226.339
226.034
225.73
225.428
225.127
224.829
224.533
224.235
223.936
223.639
223.345
223.052
222.764
222.478
222.195
221.912
221.628
221.343
221.057
220.77
220.482
220.192
219.902
219.612
219.321
219.032
218.742
218.453
218.164
217.877
217.588
217.301
217.017
216.733
216.45
216.168
215.885
215.603
215.322
215.043
214.763
214.484
214.204
213.924
213.642
213.36
213.076
212.792
212.507
212.223
211.939
211.655
211.37
211.084
210.802
210.52
210.237
209.955
209.675
209.396
209.116
208.836
208.555
208.272
207.987
207.7
207.414
207.129
206.843
206.558
206.271
205.986
205.7
205.413
205.124
204.837
204.549
204.26
203.974
203.686
203.397
203.107
202.816
202.523
202.229
201.933
201.637
201.344
201.05
200.757
200.463
200.166
199.87
199.571
199.272
198.978
198.683
198.389
198.099
197.809
197.518
197.229
196.939
196.651
196.365
196.088
195.814
195.546
195.277
195.009
194.74
194.471
194.205
193.938
193.672
193.405
193.139
192.871
192.602
192.334
192.064
191.796
191.527
191.258
190.99
190.724
190.461
190.198
189.937
189.675
189.414
189.154
188.893
188.63
188.366
188.101
187.838
187.576
187.316
187.058
186.804
186.551
186.301
186.053
185.803
185.555
185.308
185.06
184.814
184.568
184.323
184.079
183.838
183.599
183.36
183.119
182.879
182.639
182.4
182.162
181.924
181.687
181.451
181.221
180.996
180.769
180.542
180.316
180.089
179.858
179.629
179.401
179.174
178.948
178.722
178.496
178.271
178.046
177.819
177.593
177.365
177.136
176.907
176.68
176.456
176.232
176.007
175.783
175.557
175.33
175.103
174.875
174.648
174.421
174.19
173.96
173.73
173.503
173.275
173.046
172.818
172.594
172.369
172.143
171.917
171.692
171.467
171.242
171.015
170.789
170.561
170.334
170.107
169.88
169.653
169.424
169.195
168.97
168.75
168.531
168.311
168.089
167.867
167.644
167.422
167.201
166.979
166.757
166.538
166.318
166.096
165.874
165.652
165.432
165.209
164.986
164.762
164.54
164.319
164.099
163.879
163.661
163.445
163.23
163.015
162.799
162.582
162.362
162.143
161.923
161.706
161.498
161.294
161.09
160.893
160.7
160.51
160.32
160.131
159.945
159.762
159.58
159.4
159.22
159.042
158.867
158.698
158.528
158.357
158.186
158.014
157.841
157.668
157.495
157.321
157.148
156.975
156.804
156.635
156.466
156.298
156.129
155.962
155.796
155.631
155.466
155.302
155.142
154.982
154.822
154.662
154.501
154.341
154.179
154.015
153.85
153.686
153.522
153.359
153.197
153.036
152.876
152.716
152.557
152.399
152.243
152.087
151.932
151.777
151.621
151.465
151.31
151.156
151.002
150.847
150.692
150.536
150.381
150.227
150.073
149.92
149.767
149.614
149.461
149.308
149.153
148.997
148.84
148.683
148.524
148.365
148.206
148.047
147.888
147.73
147.573
147.416
147.259
147.103
146.946
146.789
146.633
146.476
146.319
146.161
146.003
145.843
145.683
145.523
145.363
145.204
145.044
144.885
144.725
144.565
144.404
144.244
144.083
143.922
143.762
143.601
143.44
143.281
143.124
142.968
142.812
142.655
142.498
142.343
142.189
142.038
141.886
141.735
141.584
141.434
141.285
141.135
140.986
140.836
140.685
140.534
140.384
140.234
140.083
139.933
139.785
139.64
139.494
139.349
139.203
139.058
138.914
138.771
138.628
138.485
138.341
138.197
138.053
137.909
137.765
137.621
137.479
137.336
137.194
137.05
136.906
136.761
136.615
136.468
136.321
136.174
136.027
135.879
135.732
135.586
135.437
135.29
135.142
134.994
134.845
134.697
134.547
134.398
134.248
134.097
133.948
133.799
133.651
133.504
133.358
133.213
133.067
132.921
132.778
132.638
132.499
132.361
132.225
132.087
131.948
131.808
131.668
131.529
131.391
131.252
131.113
130.974
130.835
130.697
130.558
130.419
130.282
130.146
130.011
129.875
129.738
129.599
129.46
129.322
129.183
129.046
128.908
128.77
128.633
128.496
128.359
128.222
128.086
127.949
127.811
127.672
127.533
127.394
127.254
127.114
126.974
126.834
126.694
126.554
126.416
126.279
126.14
126.001
125.859
125.717
125.575
125.432
125.29
125.148
125.007
124.867
124.729
124.591
124.454
124.318
124.182
124.045
123.909
123.773
123.642
123.511
123.382
123.253
123.126
122.998
122.87
122.742
122.612
122.484
122.358
122.231
122.105
121.979
121.852
121.727
121.601
121.477
121.351
121.225
121.1
120.976
120.853
120.73
120.606
120.484
120.361
120.239
120.117
119.995
119.874
119.752
119.629
119.505
119.38
119.255
119.129
119.003
118.877
118.75
118.623
118.496
118.369
118.241
118.113
117.985
117.857
117.731
117.604
117.479
117.354
117.229
117.104
116.98
116.857
116.734
116.612
116.491
116.372
116.255
116.139
116.024
115.908
115.792
115.676
115.562
115.448
115.333
115.218
115.104
114.989
114.874
114.76
114.645
114.53
114.415
114.3
114.183
114.068
113.953
113.838
113.722
113.608
113.494
113.383
113.271
113.159
113.047
112.934
112.822
112.708
112.594
112.479
112.366
112.256
112.145
112.035
111.926
111.815
111.705
111.592
111.479
111.366
111.253
111.142
111.031
110.92
110.809
110.699
110.588
110.476
110.365
110.252
110.139
110.027
109.915
109.802
109.69
109.579
109.468
109.357
109.247
109.137
109.026
108.914
108.804
108.694
108.583
108.472
108.36
108.248
108.135
108.022
107.909
107.795
107.68
107.564
107.448
107.332
107.217
107.103
106.988
106.873
106.759
106.644
106.529
106.415
106.301
106.186
106.07
105.956
105.845
105.734
105.622
105.511
105.399
105.289
105.179
105.067
104.955
104.841
104.728
104.615
104.503
104.394
104.284
104.174
104.063
103.952
103.841
103.73
103.62
103.509
103.399
103.288
103.179
103.072
102.963
102.856
102.748
102.639
102.531
102.422
102.314
102.206
102.099
101.991
101.882
101.771
101.66
101.549
101.438
101.327
101.218
101.106
100.991
100.876
100.761
100.646
100.532
100.416
100.302
100.188
100.074
99.9588
99.8438
99.7284
99.6134
99.4987
99.3847
99.2715
99.1592
99.0467
98.9336
98.8196
98.7052
98.5915
98.4825
98.372
98.2613
98.151
98.0419
97.9358
97.8283
97.7188
97.6095
97.4992
97.3887
97.2777
97.166
97.0538
96.9409
96.8282
96.7154
96.6036
96.4922
96.3795
96.2671
96.1541
96.041
95.9281
95.8149
95.7023
95.5886
95.4746
95.3606
95.2488
95.136
95.0218
94.9072
94.793
94.6771
94.5628
94.4473
94.3312
94.2156
94.0986
93.9809
93.8632
93.7452
93.6266
93.5077
93.3882
93.2684
93.1481
93.0293
92.9119
92.7941
92.6758
92.5574
92.4387
92.3189
92.1981
92.0776
91.958
91.8389
91.7188
91.6005
91.4835
91.369
91.2544
91.1402
91.0266
90.9125
90.8004
90.6891
90.5782
90.4667
90.3559
90.247
90.1377
90.0292
89.9216
89.8144
89.7065
89.5984
89.4902
89.3832
89.2752
89.1681
89.0613
88.9552
88.8491
88.7432
88.6387
88.534
88.4297
88.3254
88.2199
88.1149
88.0118
87.9087
87.8067
87.7041
87.6002
87.4957
87.3903
87.2862
87.1829
87.0808
86.9802
86.8787
86.7759
86.672
86.5698
86.4676
86.3659
86.2657
86.1661
86.0711
85.9747
85.8787
85.7843
85.6907
85.5982
85.5059
85.4145
85.3235
85.2338
85.148
85.0636
84.9783
84.8927
84.8076
84.7234
84.6395
84.5556
84.4731
84.39
84.3068
84.2238
84.1422
84.0625
83.9816
83.8999
83.8183
83.7365
83.654
83.5724
83.493
83.4134
83.3334
83.2537
83.1758
83.0981
83.0204
82.9425
82.8659
82.7904
82.7145
82.6374
82.5599
82.4819
82.4044
82.3266
82.2485
82.1716
82.0954
82.0191
81.9446
81.869
81.7925
81.7155
81.6394
81.5639
81.4895
81.4142
81.3411
81.2678
81.1929
81.1171
81.0412
80.9673
80.8927
80.8184
80.7442
80.6708
80.5992
80.5268
80.4529
80.3797
80.3078
80.2363
80.1632
80.0904
80.0173
79.9419
79.8654
79.7897
79.7142
79.6387
79.563
79.4873
79.4092
79.3314
79.2543
79.1764
79.097
79.0157
78.9341
78.8528
78.7704
78.689
78.6087
78.5291
78.4489
78.3667
78.2837
78.1994
78.1153
78.0315
77.9479
77.8637
77.7797
77.6958
77.6147
77.5342
77.4538
77.3731
77.2931
77.2127
77.1309
77.0489
76.9692
76.8901
76.8105
76.7309
76.6529
76.5751
76.4967
76.4173
76.3371
76.2581
76.1788
76.101
76.0245
75.9479
75.8716
75.7956
75.718
75.6399
75.5627
75.4846
75.4048
75.3233
75.242
75.1608
75.0789
74.9964
74.9133
74.8284
74.7442
74.6598
74.5756
74.4908
74.4042
74.3167
74.2305
74.1462
74.0618
73.9768
73.8925
73.8089
73.7262
73.6414
73.557
73.4737
73.3892
73.3043
73.2195
73.1347
73.0512
72.9687
72.8853
72.8015
72.7191
72.6372
72.555
72.4719
72.3881
72.305
72.2221
72.1397
72.0571
71.9751
71.8934
71.8103
71.7256
71.6421
71.5568
71.4723
71.3899
71.3063
71.2218
71.1384
71.0549
70.9723
70.8902
70.8072
70.7206
70.6323
70.5436
70.4547
70.3653
70.2762
70.1878
70.1
70.0133
69.9273
69.8423
69.7562
69.6703
69.5835
69.4967
69.4111
69.3243
69.2369
69.1511
69.0673
68.9815
68.8936
68.8059
68.7202
68.635
68.5499
68.4626
68.3757
68.2881
68.2015
68.1148
68.0279
67.9408
67.8527
67.7637
67.6748
67.5872
67.4992
67.4104
67.3215
67.2334
67.1465
67.0595
66.9727
66.8847
66.796
66.7072
66.6174
66.5276
66.4379
66.3494
66.2618
66.1751
66.0878
65.9998
65.9109
65.8212
65.7318
65.6429
65.5541
65.4648
65.3759
65.2896
65.2055
65.1222
65.0386
64.955
64.8719
64.7874
64.7015
64.6172
64.5312
64.4464
64.3627
64.2785
64.1951
64.1119
64.0285
63.9455
63.8643
63.7834
63.7049
63.6251
63.5449
63.4634
63.381
63.2977
63.215
63.1326
63.0505
62.9685
62.8866
62.8046
62.722
62.641
62.5605
62.4795
62.3992
62.3195
62.2397
62.1612
62.0837
62.006
61.9291
61.8514
61.7741
61.6988
61.622
61.5459
61.4692
61.3933
61.3192
61.2445
61.1676
61.0904
61.0149
60.9393
60.8639
60.7886
60.7132
60.6375
60.5616
60.4861
60.4104
60.3334
60.2551
60.1765
60.0981
60.0196
59.9428
59.8645
59.7867
59.7132
59.6412
59.5695
59.4978
59.4263
59.3547
59.284
59.2142
59.1448
59.0745
59.0039
58.9337
58.8634
58.792
58.7203
58.6479
58.575
58.5035
58.4316
58.3602
58.2899
58.2187
58.1462
58.075
58.0043
57.9338
57.8636
57.794
57.7246
57.6557
57.5882
57.5192
57.4508
57.3815
57.3107
57.239
57.1671
57.0946
57.0204
56.9494
56.8768
56.8032
56.7292
56.6568
56.5842
56.5111
56.439
56.3679
56.2963
56.224
56.1509
56.0766
56.0039
55.9327
55.8611
55.7885
55.717
55.6465
55.5783
55.5087
55.439
55.3701
55.3023
55.2333
55.1647
55.096
55.0277
54.9616
54.8977
54.833
54.7654
54.6967
54.6277
54.559
54.4925
54.4263
54.3617
54.2972
54.2342
54.1724
54.11
54.049
53.9883
53.9287
53.8701
53.8104
53.7503
53.6893
53.631
53.573
53.5141
53.4556
53.3979
53.3389
53.2795
53.2196
53.1602
53.1013
53.0423
52.9833
52.9241
52.866
52.8075
52.7486
52.6906
52.6316
52.5734
52.514
52.4556
52.3978
52.3416
52.2849
52.2285
52.1739
52.1188
52.0642
52.0096
51.9542
51.8978
51.8408
51.7843
51.7287
51.6743
51.6231
51.5721
51.5201
51.4684
51.4161
51.3636
51.3114
51.2595
51.2067
51.1528
51.0999
51.047
50.9948
50.944
50.8928
50.8419
50.7902
50.7392
50.6872
50.6368
50.5848
50.5317
50.4798
50.4274
50.3747
50.3236
50.2723
50.2205
50.1698
50.1192
50.0688
50.0188
49.9683
49.9182
49.866
49.8137
49.7616
49.7095
49.6574
49.6052
49.5561
49.5049
49.4531
49.4
49.3476
49.2961
49.2442
49.1909
49.1368
49.0847
49.0333
48.9809
48.9303
48.8795
48.8278
48.7771
48.7253
48.6729
48.6219
48.5697
48.5194
48.4676
48.4172
48.3673
48.318
48.2684
48.2208
48.1726
48.1239
48.0759
48.0285
47.9786
47.9295
47.8799
47.8317
47.7834
47.7351
47.6864
47.6357
47.5876
47.5388
47.4888
47.4398
47.3913
47.3423
47.2914
47.2416
47.1912
47.1406
47.0911
47.0396
46.9892
46.9397
46.891
46.8409
46.7893
46.7384
46.6883
46.6365
46.5882
46.5392
46.4894
46.4393
46.3892
46.338
46.2866
46.2381
46.1854
46.1329
46.0842
46.0331
45.9829
45.9315
45.8781
45.826
45.7754
45.7221
45.673
45.6219
45.5683
45.5161
45.4645
45.4116
45.3584
45.3051
45.2517
45.199
45.1471
45.0949
45.043
44.99
44.9379
44.8856
44.8342
44.7841
44.7332
44.6812
44.6306
44.5802
44.5275
44.4778
44.4262
44.3756
44.3269
44.2779
44.2285
44.1816
44.1328
44.0831
44.0349
43.9856
43.9361
43.8895
43.8413
43.7926
43.743
43.6949
43.6464
43.5971
43.5484
43.4996
43.4497
43.4
43.3509
43.3025
43.2534
43.2048
43.1558
43.1082
43.061
43.0167
42.9707
42.9238
42.8754
42.8285
42.7809
42.7337
42.6871
42.6412
42.5958
42.5507
42.5048
42.4582
42.412
42.3663
42.3212
42.2753
42.2276
42.1818
42.136
42.0906
42.045
41.9995
41.954
41.9079
41.8615
41.8164
41.7702
41.7241
41.6788
41.6332
41.5852
41.5398
41.4928
41.4456
41.3992
41.3508
41.3029
41.2554
41.2099
41.1643
41.1193
41.0743
41.0311
40.9879
40.9449
40.9025
40.8583
40.8124
40.7687
40.7249
40.6797
40.6355
40.5927
40.5466
40.5011
40.4563
40.4112
40.3659
40.3217
40.2774
40.2324
40.1868
40.1429
40.0993
40.0551
40.0108
39.9671
39.9236
39.8791
39.8361
39.7935
39.748
39.7034
39.6604
39.6175
39.5731
39.5302
39.4877
39.4428
39.398
39.3523
39.3097
39.2666
39.2212
39.1755
39.1309
39.0868
39.0422
38.9997
38.958
38.9167
38.8755
38.833
38.7936
38.7503
38.7071
38.6658
38.6254
38.5837
38.5399
38.497
38.4563
38.4164
38.3762
38.3356
38.2963
38.2568
38.2169
38.1774
38.137
38.0954
38.0575
38.0164
37.9786
37.9384
37.9001
37.8626
37.822
37.7827
37.7444
37.7039
37.6685
37.6315
37.5931
37.5551
37.5171
37.4785
37.442
37.405
37.3672
37.3301
37.2921
37.2545
37.2191
37.184
37.148
37.112
37.077
37.0436
37.0091
36.9733
36.9369
36.9026
36.8682
36.8338
36.798
36.7636
36.7281
36.6933
36.6603
36.6239
36.585
36.549
36.5158
36.4802
36.4476
36.4146
36.3841
36.3495
36.3187
36.288
36.2526
36.2195
36.1903
36.1579
36.1254
36.0935
36.0623
36.033
36.0021
35.9708
35.9391
35.9092
35.8776
35.8495
35.8184
35.7874
35.7562
35.7244
35.6936
35.6662
35.6368
35.6062
35.5774
35.5468
35.5161
35.4861
35.4569
35.4283
35.3993
35.3713
35.3449
35.315
35.287
35.2591
35.2314
35.2029
35.1768
35.1506
35.1256
35.102
35.0758
35.0482
35.019
34.9903
34.9617
34.9343
34.9077
34.8816
34.8546
34.8256
34.7985
34.7718
34.7426
34.713
34.6844
34.6555
34.6265
34.6001
34.5739
34.5452
34.5148
34.4863
34.4584
34.431
34.4032
34.375
34.3483
34.32
34.2903
34.2634
34.2369
34.2085
34.1768
34.1475
34.1209
34.0944
34.0653
34.0375
34.011
33.9861
33.9566
33.9243
33.8965
33.8676
33.8379
33.8093
33.7826
33.7555
33.7247
33.6971
33.6687
33.64
33.6141
33.5856
33.5568
33.527
33.4983
33.47
33.4426
33.4146
33.3842
33.3571
33.329
33.3001
33.2704
33.2422
33.215
33.1833
33.1537
33.1228
33.0936
33.0648
33.0352
33.0047
32.9759
32.9482
32.9183
32.8882
32.8595
32.8319
32.8026
32.7716
32.7409
32.713
32.6858
32.6593
32.629
32.6011
32.5715
32.5418
32.512
32.4811
32.4525
32.4241
32.3943
32.363
32.3336
32.3038
32.276
32.2468
32.2173
32.189
32.1607
32.1311
32.1021
32.0727
32.0432
32.0144
31.9833
31.9537
31.9214
31.8929
31.8626
31.8311
31.8043
31.7758
31.7444
31.7156
31.685
31.6537
31.6236
31.5978
31.5668
31.5377
31.5079
31.4794
31.4505
31.4212
31.3946
31.3655
31.3353
31.306
31.2801
31.2495
31.2204
31.1918
31.163
31.1346
31.1038
31.0734
31.045
31.0174
30.9884
30.9595
30.9308
30.9012
30.8713
30.8413
30.8118
30.7826
30.7527
30.725
30.6949
30.6651
30.6349
30.6068
30.5782
30.552
30.5222
30.4929
30.4648
30.4359
30.4078
30.3823
30.3539
30.3263
30.2979
30.2691
30.2403
30.2126
30.1863
30.1594
30.1342
30.1072
30.0791
30.0507
30.0236
29.9966
29.9684
29.9426
29.9156
29.887
29.8592
29.8324
29.8042
29.7773
29.75
29.7222
29.6962
29.6681
29.6356
29.6064
29.5774
29.5493
29.5211
29.4933
29.4657
29.4383
29.4073
29.3779
29.3488
29.3197
29.2907
29.2608
29.232
29.2021
29.1727
29.1461
29.1169
29.0901
29.0619
29.0349
29.0073
28.9811
28.9537
28.926
28.8979
28.8708
28.8434
28.8172
28.7903
28.7625
28.7381
28.712
28.6859
28.6556
28.6289
28.6014
28.5714
28.5428
28.5174
28.4891
28.4576
28.4306
28.4031
28.3764
28.3509
28.323
28.2959
28.2678
28.2431
28.2151
28.1894
28.1661
28.1414
28.1107
28.0823
28.0536
28.0288
28.003
27.976
27.9513
27.9256
27.9006
27.8741
27.8484
27.8207
27.7952
27.7692
27.7437
27.7189
27.6926
27.6667
27.6409
27.6147
27.5885
27.5651
27.5393
27.5144
27.4914
27.4672
27.4414
27.4157
27.3927
27.3683
27.3427
27.3183
27.2915
27.2652
27.2408
27.216
27.1902
27.164
27.137
27.1123
27.0885
27.0632
27.0401
27.016
26.9889
26.9635
26.9378
26.9131
26.8864
26.8619
26.8397
26.81
26.7848
26.7635
26.7362
26.7141
26.6893
26.6628
26.6382
26.6156
26.5917
26.5661
26.5415
26.5138
26.4893
26.4651
26.4422
26.419
26.3938
26.3689
26.3411
26.3169
26.2892
26.2665
26.2408
26.2206
26.1934
26.1711
26.1472
26.1196
26.0944
26.0715
26.0477
26.0216
25.9976
25.9774
25.9489
25.9213
25.8972
25.8724
25.8457
25.8211
25.7978
25.7706
25.7457
25.7187
25.6926
25.6665
25.6429
25.6171
25.5903
25.5678
25.5427
25.517
25.4926
25.4691
25.4406
25.4147
25.3886
25.3634
25.3403
25.3146
25.2915
25.2666
25.2431
25.2177
25.1927
25.1695
25.1447
25.1211
25.0966
25.0735
25.0521
25.0252
25.0007
24.9783
24.956
24.9305
24.9087
24.8865
24.8642
24.8408
24.817
24.794
24.7739
24.7536
24.7296
24.7077
24.6846
24.6624
24.6409
24.618
24.5937
24.5715
24.5514
24.5288
24.5059
24.4841
24.4615
24.4392
24.4153
24.3929
24.3699
24.347
24.3239
24.3026
24.2802
24.2545
24.2325
24.21
24.1876
24.1652
24.1411
24.1194
24.0977
24.0725
24.0487
24.0269
24.0051
23.9823
23.9598
23.9378
23.9141
23.8916
23.8679
23.8428
23.8203
23.8023
23.7782
23.7588
23.7343
23.7115
23.6865
23.6631
23.6404
23.6177
23.5938
23.5716
23.5489
23.5276
23.5024
23.4803
23.4566
23.4367
23.4136
23.3912
23.3679
23.3436
23.3238
23.3005
23.279
23.2537
23.2331
23.2096
23.1833
23.1618
23.1387
23.118
23.0996
23.0745
23.0501
23.0259
23.002
22.9801
22.9559
22.9329
22.9085
22.8862
22.8633
22.8421
22.8169
22.7955
22.7731
22.7502
22.7249
22.7014
22.6785
22.6545
22.6305
22.6049
22.581
22.5599
22.5366
22.5129
22.4882
22.4648
22.4421
22.4216
22.3978
22.3765
22.3497
22.3292
22.3064
22.2831
22.2595
22.2354
22.2152
22.1904
22.1667
22.1467
22.1216
22.0981
22.0768
22.0524
22.0296
22.0085
21.9839
21.9615
21.9393
21.9168
21.8969
21.8707
21.8491
21.8269
21.8082
21.7853
21.7625
21.7387
21.7167
21.695
21.6715
21.6458
21.6264
21.6053
21.5839
21.5613
21.5356
21.5141
21.4896
21.4657
21.4426
21.418
21.3929
21.3701
21.3441
21.321
21.2995
21.2774
21.253
21.2291
21.2098
21.186
21.1628
21.1424
21.1214
21.1015
21.0723
21.051
21.0282
21.0028
20.9848
20.9601
20.9371
20.9135
20.8914
20.869
20.846
20.824
20.8028
20.7804
20.7579
20.7338
20.7121
20.6894
20.6692
20.6459
20.6238
20.6033
20.5816
20.557
20.535
20.5134
20.493
20.4708
20.4486
20.4267
20.4032
20.3813
20.3603
20.3404
20.3191
20.2987
20.2725
20.2526
20.2324
20.2113
20.1874
20.1659
20.1446
20.1222
20.0979
20.0754
20.0536
20.0303
20.0046
19.9865
19.9677
19.9421
19.9188
19.8986
19.8773
19.8524
19.8293
19.8069
19.7847
19.7586
19.7369
19.7155
19.6918
19.6688
19.6441
19.6235
19.6065
19.5787
19.5532
19.5313
19.507
19.4813
19.4538
19.43
19.4077
19.3807
19.3544
19.3314
19.3076
19.2839
19.2611
19.2388
19.2141
19.1875
19.1606
19.1347
19.109
19.0836
19.0583
19.0311
19.006
18.9833
18.957
18.936
18.9116
18.8846
18.8597
18.8327
18.8093
18.786
18.759
18.7337
18.7079
18.6823
18.6558
18.6323
18.6057
18.5831
18.5619
18.5366
18.5094
18.4812
18.4539
18.4313
18.4052
18.3814
18.3539
18.3318
18.3028
18.2766
18.2519
18.2252
18.2001
18.1714
18.1446
18.1222
18.0958
18.0715
18.0446
18.0183
17.9959
17.9669
17.9399
17.9143
17.8912
17.8628
17.8369
17.8117
17.7881
17.7643
17.7375
17.7095
17.6843
17.66
17.6352
17.6095
17.5823
17.5567
17.5316
17.5059
17.4815
17.455
17.428
17.3999
17.3736
17.3485
17.3233
17.2957
17.2701
17.2408
17.2139
17.1858
17.1585
17.133
17.1107
17.0883
17.0562
17.0273
17.0027
16.9736
16.946
16.9173
16.8899
16.8638
16.8378
16.812
16.7841
16.7564
16.7321
16.7046
16.6817
16.6556
16.6284
16.6029
16.5763
16.5472
16.5261
16.4992
16.4747
16.4501
16.426
16.4032
16.3754
16.3513
16.3275
16.3006
16.2752
16.2506
16.2301
16.2114
16.1911
16.1667
16.1469
16.1248
16.1013
16.0778
16.0532
16.0305
16.0099
15.9916
15.9623
15.9397
15.918
15.8934
15.8656
15.8448
15.8222
15.7955
15.773
15.7498
15.7297
15.7063
15.6769
15.6516
15.6312
15.6054
15.5886
15.5614
15.5392
15.5201
15.4945
15.4769
15.4498
15.4224
15.4001
15.3775
15.3529
15.3285
15.3035
15.2784
15.2541
15.2314
15.2058
15.1795
15.1559
15.1309
15.1071
15.0817
15.0598
15.0365
15.0118
14.9883
14.9632
14.9426
14.9219
14.8981
14.8758
14.8534
14.8302
14.81
14.7879
14.7635
14.742
14.7196
14.6994
14.6753
14.6547
14.6326
14.6116
14.5913
14.5703
14.5491
14.526
14.502
14.4798
14.4573
14.437
14.414
14.3925
14.3735
14.351
14.3275
14.3057
14.2805
14.2591
14.2379
14.2157
14.1987
14.1808
14.155
14.1359
14.1148
14.0941
14.0724
14.0515
14.0336
14.0148
13.9959
13.9735
13.9513
13.9318
13.9114
13.8904
13.8742
13.8591
13.8353
13.8171
13.7968
13.7768
13.7531
13.7356
13.7099
13.6988
13.6758
13.6518
13.6352
13.6138
13.5942
13.5737
13.5557
13.5318
13.5106
13.4898
13.4707
13.4519
13.4354
13.4129
13.391
13.373
13.351
13.3305
13.3107
13.2917
13.2746
13.2502
13.2314
13.209
13.1921
13.1735
13.1545
13.1335
13.1133
13.0936
13.0712
13.0472
13.0261
13.0043
12.9858
12.9629
12.9406
12.9193
12.8958
12.8741
12.8529
12.8308
12.8099
12.7865
12.7641
12.7419
12.7202
12.6981
12.6798
12.6572
12.6349
12.6161
12.5936
12.5736
12.5539
12.5347
12.5118
12.4857
12.4635
12.4401
12.4154
12.394
12.3724
12.3502
12.329
12.3108
12.2896
12.2706
12.2449
12.2292
12.2045
12.1792
12.1579
12.1383
12.1161
12.0932
12.0698
12.0484
12.0352
12.0126
11.9914
11.9744
11.9543
11.9353
11.9186
11.902
11.8823
11.8682
11.8515
11.8332
11.8161
11.7982
11.7839
11.7666
11.7514
11.7361
11.7167
11.7017
11.6813
11.6654
11.6492
11.6295
11.6176
11.6031
11.5842
11.5699
11.5517
11.5347
11.5156
11.5005
11.4858
11.4654
11.4496
11.4323
11.4154
11.4001
11.3825
11.3672
11.3511
11.3345
11.3206
11.3033
11.285
11.2706
11.2531
11.239
11.2213
11.2075
11.1918
11.1719
11.1553
11.138
11.1226
11.1055
11.0884
11.0702
11.0561
11.0393
11.0236
11.0058
10.9891
10.9737
10.9578
10.9432
10.9255
10.9077
10.8924
10.8779
10.8615
10.8447
10.8294
10.8135
10.7988
10.7822
10.7642
10.7461
10.7315
10.7154
10.698
10.6838
10.6693
10.6539
10.6365
10.622
10.6053
10.5892
10.5721
10.5577
10.5409
10.5256
10.5117
10.4945
10.484
10.4664
10.4515
10.4339
10.4208
10.4036
10.3883
10.3738
10.3585
10.3465
10.3298
10.316
10.3029
10.289
10.2731
10.2594
10.2476
10.2312
10.2164
10.2026
10.1878
10.176
10.1632
10.1473
10.1325
10.1154
10.1028
10.0872
10.0708
10.055
10.0382
10.0248
10.0077
9.99361
9.98123
9.96856
9.9518
9.93601
9.92197
9.90731
9.8905
9.87954
9.86331
9.84819
9.83169
9.82094
9.8018
9.78846
9.77258
9.76303
9.74289
9.73054
9.72071
9.70414
9.69138
9.68011
9.66666
9.6521
9.6342
9.62393
9.60901
9.59499
9.5836
9.56813
9.55357
9.5397
9.52866
9.51023
9.50177
9.48699
9.47197
9.45926
9.44719
9.43432
9.42471
9.40911
9.39211
9.38049
9.36899
9.35312
9.34406
9.33126
9.31567
9.3046
9.28983
9.27734
9.26345
9.24992
9.23601
9.22085
9.20829
9.19628
9.18491
9.16717
9.15301
9.14265
9.13051
9.11852
9.10955
9.09186
9.0764
9.06226
9.04953
9.03702
9.02182
9.00749
8.99575
8.98328
8.97035
8.95671
8.94423
8.92968
8.92005
8.91168
8.90048
8.88433
8.87143
8.85947
8.84873
8.84128
8.82667
8.81088
8.79839
8.78593
8.77455
8.76175
8.74712
8.73528
8.71924
8.70592
8.69052
8.68017
8.6672
8.65298
8.63998
8.62938
8.61898
8.60798
8.59563
8.5827
8.5678
8.55947
8.54938
8.53568
8.51952
8.51061
8.49471
8.48093
8.47042
8.45392
8.44707
8.43305
8.41711
8.40453
8.39649
8.38359
8.37169
8.35733
8.35138
8.34062
8.32432
8.31526
8.30327
8.28837
8.27493
8.26404
8.25814
8.24336
8.23667
8.21715
8.2017
8.19457
8.17948
8.16421
8.15185
8.14017
8.12551
8.11114
8.10493
8.08828
8.07729
8.06614
8.0557
8.04537
8.03379
8.01853
8.00633
7.9987
7.98307
7.97126
7.95794
7.94908
7.93954
7.92427
7.91152
7.90014
7.88777
7.87917
7.87197
7.85463
7.84497
7.83635
7.81895
7.80951
7.79483
7.77598
7.76452
7.75409
7.74074
7.72627
7.71309
7.69934
7.68743
7.67833
7.67268
7.65622
7.64296
7.63816
7.62909
7.61402
7.60912
7.59602
7.58691
7.58169
7.56763
7.55567
7.5494
7.53605
7.52604
7.52389
7.50861
7.5007
7.48633
7.47686
7.46751
7.45584
7.44358
7.43483
7.4305
7.42048
7.40973
7.40409
7.39748
7.38809
7.38635
7.37006
7.36253
7.35288
7.34509
7.33794
7.33121
7.31983
7.30926
7.30125
7.29479
7.2847
7.27591
7.26968
7.2585
7.25403
7.2449
7.23287
7.22492
7.21352
7.2068
7.19447
7.18916
7.18341
7.16914
7.1626
7.15519
7.14671
7.13674
7.13022
7.11902
7.1106
7.09728
7.09203
7.08743
7.07636
7.06877
7.06272
7.05269
7.04813
7.04548
7.03314
7.02787
7.01909
7.00822
7.0032
6.99316
6.9771
6.96936
6.96059
6.95142
6.9421
6.93873
6.92657
6.91673
6.90428
6.89654
6.88851
6.88074
6.8746
6.86494
6.8582
6.84825
6.83918
6.82769
6.82023
6.81055
6.80279
6.79181
6.7866
6.77388
6.7667
6.75819
6.75104
6.74126
6.73178
6.72415
6.7165
6.70601
6.6977
6.68868
6.68111
6.6703
6.66165
6.6545
6.64429
6.63759
6.62948
6.6231
6.61666
6.60727
6.59913
6.58922
6.58117
6.57395
6.56464
6.5588
6.55046
6.54104
6.53409
6.524
6.51999
6.51235
6.49837
6.48497
6.47672
6.46762
6.45968
6.45397
6.44578
6.43775
6.43009
6.42089
6.41267
6.40978
6.3998
6.38997
6.3822
6.37447
6.36365
6.35741
6.34447
6.33844
6.32934
6.32073
6.31061
6.30477
6.29416
6.28925
6.27832
6.27373
6.26612
6.25508
6.24536
6.23917
6.2297
6.22642
6.21859
6.2131
6.20504
6.19701
6.18822
6.17792
6.17111
6.16104
6.14924
6.1423
6.14319
6.13572
6.12185
6.11338
6.10304
6.09896
6.09146
6.08374
6.07609
6.06582
6.05647
6.0517
6.04856
6.03731
6.02583
6.01987
6.01264
5.99991
5.99334
5.98473
5.97195
5.97301
5.96319
5.94929
5.94158
5.93002
5.92592
5.91645
5.90983
5.90097
5.89938
5.88785
5.87643
5.87155
5.8616
5.85332
5.84391
5.83456
5.82942
5.81849
5.80679
5.80045
5.79897
5.79007
5.7799
5.7683
5.76357
5.7542
5.74841
5.73986
5.73072
5.72758
5.72532
5.71368
5.70783
5.69279
5.68605
5.67972
5.67271
5.65933
5.65245
5.65504
5.64914
5.63525
5.62909
5.61996
5.61005
5.606
5.60069
5.5919
5.58944
5.57736
5.56884
5.56034
5.54948
5.53957
5.53308
5.52258
5.51433
5.5079
5.5006
5.49223
5.48638
5.47874
5.46962
5.46685
5.46581
5.46409
5.45633
5.44935
5.43951
5.43188
5.42829
5.4198
5.41148
5.40462
5.39892
5.39024
5.38379
5.37755
5.36776
5.35965
5.35153
5.34101
5.33472
5.32348
5.31635
5.31067
5.30621
5.29934
5.2899
5.28445
5.27969
5.27174
5.26247
5.25809
5.25201
5.24178
5.23808
5.22743
5.22201
5.21745
5.20686
5.20053
5.19362
5.18537
5.18003
5.17338
5.16306
5.1538
5.14921
5.1417
5.13671
5.13119
5.12689
5.12279
5.11489
5.10959
5.10045
5.09268
5.08858
5.08118
5.08243
5.07136
5.06593
5.0577
5.04878
5.04655
5.0398
5.03113
5.02262
5.01547
5.00908
5.0023
4.99324
4.98616
4.97677
4.96557
4.95826
4.94881
4.93987
4.93243
4.92364
4.91592
4.90706
4.8975
4.88788
4.88201
4.87369
4.86297
4.86059
4.84627
4.84061
4.83542
4.82585
4.81542
4.80582
4.79737
4.79166
4.78527
4.77813
4.76692
4.75659
4.75031
4.74214
4.73674
4.72985
4.7171
4.7072
4.70161
4.69086
4.6867
4.67742
4.66947
4.66645
4.66349
4.65495
4.65106
4.64226
4.63899
4.63026
4.62074
4.61689
4.60786
4.59752
4.59044
4.5848
4.57861
4.56794
4.56322
4.55534
4.54604
4.53808
4.52944
4.52368
4.51638
4.50824
4.50183
4.4958
4.48922
4.48313
4.47648
4.47036
4.46568
4.46192
4.45706
4.44905
4.44292
4.43995
4.43295
4.42594
4.42057
4.41346
4.41111
4.40313
4.39783
4.39149
4.38826
4.38368
4.37834
4.375
4.37125
4.36542
4.3611
4.35785
4.3518
4.34726
4.34498
4.33993
4.33416
4.32969
4.32315
4.31733
4.31246
4.30753
4.30039
4.29458
4.28898
4.28255
4.27694
4.27367
4.27025
4.26273
4.26059
4.25311
4.25081
4.24432
4.23891
4.2365
4.22992
4.2289
4.22098
4.21675
4.21363
4.2074
4.20197
4.1965
4.19169
4.1862
4.18224
4.17609
4.1715
4.16999
4.16356
4.1589
4.15638
4.15188
4.14721
4.14034
4.13284
4.13084
4.12667
4.12141
4.1191
4.11273
4.10796
4.1027
4.09959
4.09693
4.09073
4.08399
4.07923
4.07537
4.07018
4.06422
4.05937
4.05352
4.04765
4.04431
4.04101
4.03791
4.03154
4.02663
4.02077
4.01643
4.01082
4.00742
4.00246
3.99842
3.99387
3.98877
3.98194
3.97822
3.9747
3.97037
3.96728
3.96042
3.95758
3.95086
3.9496
3.94178
3.93576
3.93054
3.92959
3.92369
3.91652
3.91204
3.91022
3.90351
3.90047
3.89568
3.89593
3.88737
3.8807
3.87883
3.87567
3.86871
3.8673
3.85807
3.85304
3.84854
3.84693
3.84013
3.83537
3.82918
3.824
3.81837
3.81544
3.81083
3.80502
3.80025
3.79843
3.7918
3.78939
3.78392
3.7766
3.77626
3.76902
3.76265
3.76706
3.75441
3.75332
3.74652
3.74106
3.73613
3.73012
3.72784
3.71931
3.71415
3.70929
3.70367
3.70016
3.69521
3.68934
3.68617
3.67915
3.67328
3.66825
3.66538
3.65645
3.65227
3.64617
3.64477
3.63982
3.63649
3.62843
3.62476
3.61782
3.6195
3.61757
3.60468
3.60197
3.60232
3.59597
3.59238
3.58995
3.5861
3.57674
3.57405
3.57252
3.56581
3.56127
3.55922
3.55341
3.5463
3.54645
3.54263
3.53857
3.52844
3.52886
3.52225
3.52101
3.51819
3.51471
3.50043
3.49803
3.49448
3.48903
3.48631
3.48025
3.47404
3.4727
3.46652
3.46501
3.46127
3.45626
3.4563
3.45048
3.44434
3.44059
3.43583
3.43097
3.4261
3.42067
3.41742
3.41568
3.40938
3.40211
3.40119
3.39158
3.39215
3.38945
3.38076
3.37863
3.37367
3.36763
3.36882
3.35842
3.35657
3.35106
3.34477
3.34177
3.33497
3.33193
3.32881
3.32505
3.32268
3.31617
3.30974
3.3041
3.29911
3.29698
3.29254
3.28764
3.28414
3.28012
3.27527
3.269
3.26472
3.26203
3.25656
3.25561
3.25034
3.24736
3.24015
3.23533
3.23306
3.22888
3.22398
3.21982
3.21736
3.21915
3.21005
3.20703
3.20768
3.20103
3.19637
3.19477
3.19257
3.18385
3.17494
3.17363
3.17094
3.16405
3.15915
3.16056
3.15635
3.15242
3.14671
3.14113
3.13345
3.12795
3.12539
3.1212
3.11874
3.11146
3.1054
3.10172
3.10002
3.09572
3.08972
3.08231
3.07647
3.07623
3.07104
3.06215
3.05894
3.0583
3.05249
3.04884
3.04362
3.03912
3.03351
3.03101
3.02606
3.0287
3.02156
3.01389
3.01055
3.00409
3.00579
3.00002
2.99409
2.98664
2.98834
2.98353
2.97333
2.96706
2.96412
2.9607
2.95592
2.94938
2.94881
2.94332
2.9406
2.9358
2.93101
2.92627
2.92271
2.92024
2.9139
2.90549
2.90292
2.89719
2.89352
2.88936
2.88467
2.87987
2.87545
2.86999
2.86511
2.86695
2.85858
2.86022
2.85192
2.84985
2.8597
2.84068
2.84189
2.83209
2.83169
2.82475
2.81627
2.81679
2.80744
2.80482
2.80366
2.79391
2.7889
2.78548
2.78769
2.78599
2.78061
2.77687
2.76964
2.76448
2.76347
2.7578
2.75474
2.74373
2.74432
2.73695
2.72993
2.72301
2.72305
2.71409
2.71213
2.70731
2.70195
2.69541
2.68998
2.68782
2.68276
2.67723
2.67089
2.66271
2.65703
2.65306
2.65169
2.64298
2.63993
2.63478
2.63859
2.62785
2.6267
2.61792
2.61686
2.62435
2.60911
2.6053
2.61016
2.59353
2.59109
2.58633
2.5853
2.58215
2.57123
2.56455
2.55746
2.5542
2.55083
2.54701
2.5445
2.53751
2.53682
2.52959
2.52171
2.517
2.51538
2.5102
2.50479
2.50169
2.49815
2.49398
2.48711
2.47853
2.47922
2.47138
2.46523
2.46199
2.45866
2.457
2.44789
2.44898
2.4424
2.4362
2.43745
2.42337
2.42742
2.4274
2.41574
2.41591
2.41183
2.40359
2.40659
2.39661
2.39172
2.39378
2.39504
2.38689
2.38653
2.3814
2.37612
2.37368
2.37289
2.3653
2.36377
2.36138
2.35679
2.35207
2.3505
2.34928
2.34508
2.34152
2.33922
2.33432
2.32936
2.32804
2.32336
2.32216
2.31821
2.31716
2.31095
2.30762
2.30402
2.30062
2.29732
2.29445
2.29234
2.29071
2.28409
2.28311
2.27998
2.28028
2.27631
2.27592
2.27061
2.266
2.26088
2.26331
2.25682
2.25116
2.24733
2.24326
2.24042
2.23781
2.23507
2.23111
2.22833
2.22672
2.22893
2.22239
2.21855
2.21835
2.21105
2.20945
2.20417
2.20344
2.19988
2.19549
2.19631
2.1914
2.18914
2.18237
2.18106
2.17732
2.17286
2.16796
2.16736
2.16949
2.16506
2.16104
2.15556
2.15325
2.15453
2.14839
2.14298
2.14262
2.13915
2.13977
2.13389
2.13253
2.13482
2.13199
2.12643
2.12562
2.12097
2.12204
2.12116
2.11693
2.11966
2.11271
2.11022
2.10633
2.10359
2.09982
2.09584
2.0929
2.09787
2.0878
2.08994
2.08725
2.0832
2.08164
2.08658
2.07908
2.08252
2.07575
2.07749
2.07261
2.06562
2.06552
2.06266
2.06139
2.05467
2.04918
2.05141
2.04884
2.04106
2.04145
2.04281
2.04466
2.03469
2.02899
2.02662
2.02404
2.02203
2.02034
2.01902
2.01303
2.01366
2.01291
2.00943
2.00506
2.0066
2.00125
2.00027
2.00182
1.99351
1.99135
1.98651
1.98467
1.98675
1.97909
1.97854
1.97458
1.97099
1.96728
1.9649
1.96204
1.95964
1.95812
1.9555
1.95342
1.95359
1.94943
1.95168
1.9462
1.94222
1.94345
1.93796
1.93132
1.9306
1.93152
1.92389
1.92442
1.92157
1.91861
1.92069
1.91265
1.91061
1.90899
1.90369
1.90591
1.89809
1.89667
1.89461
1.89466
1.89233
1.89173
1.88768
1.88494
1.88544
1.88722
1.88423
1.87272
1.87915
1.88132
1.86694
1.86918
1.86537
1.85809
1.862
1.85098
1.85498
1.84942
1.84336
1.84435
1.84698
