802.162
710.877
625.574
551.514
492.836
438.662
395.292
358.57
330.103
309.377
292.019
274.869
260.109
245.136
231.811
220.789
211.209
204.76
197.679
191.864
185.681
179.547
176.621
172.236
168.966
165.137
163.292
159.821
158.327
154.851
152.293
149.596
148.255
145.688
143.156
141.061
139.394
137.432
136.088
134.031
131.794
130.197
128.819
126.701
125.241
122.989
121.268
119.492
118.545
117.059
115.052
113.638
112.173
110.682
109.015
107.548
106.517
105.242
105.164
103.36
101.813
99.6016
98.2
97.1732
96.6195
95.4772
93.944
92.7046
92.347
92.0201
91.0697
90.049
88.4605
88.0431
85.9675
85.4354
85.5162
85.0716
83.2168
82.2723
80.9075
80.2354
79.1674
78.9857
77.6681
77.1979
75.6773
74.8596
74.2378
73.7836
73.3865
73.7686
72.3195
72.7987
71.6977
72.3127
70.3613
70.1406
67.9626
67.5044
66.7433
66.6419
66.3367
65.5028
65.0458
64.2154
64.2372
62.9381
63.0806
61.922
62.0407
60.619
60.5017
58.3914
57.8622
56.7634
56.4385
55.608
55.1588
54.0935
53.5042
52.6805
53.0686
52.1942
51.4262
50.7528
50.4116
49.7597
49.682
48.8448
48.642
47.6374
48.2327
47.2498
47.6134
45.7295
45.2663
44.5331
44.3329
43.445
42.4492
42.2204
41.0094
40.2287
39.6333
39.2119
38.1772
37.294
37.536
37.9192
36.6993
36.3924
35.4585
34.8778
34.6249
34.3484
34.4309
33.6864
33.6401
32.7297
32.5549
32.4543
33.5271
32.2507
31.7897
31.5977
31.8302
30.8763
30.2513
30.1871
30.5843
32.7627
30.11
30.0177
29.0135
28.6016
28.5524
28.9802
28.8484
29.4818
27.8817
27.8795
27.1686
27.3166
27.0858
27.9017
27.1839
27.8184
26.5325
27.1757
27.318
25.8559
25.6588
25.4406
25.5317
26.2403
27.2506
25.242
25.1534
24.7011
24.4425
24.2707
24.2584
24.3173
25.0631
25.242
24.5686
23.759
23.8721
23.5465
23.565
23.0822
23.2024
23.7693
23.7089
23.2663
22.792
23.1896
22.7762
23.2657
23.058
22.4671
22.2669
22.3967
22.2861
22.0625
22.1284
22.2644
22.1121
21.657
21.994
21.1791
21.0753
21.4556
21.9876
21.3927
21.2792
20.7871
21.6044
20.6388
20.7458
20.3075
20.1972
20.639
20.3617
20.4231
20.1595
20.4703
20.4638
20.614
19.6896
19.5609
19.6342
19.7203
20.6847
19.4114
19.625
19.3225
19.6023
19.3122
19.2757
19.0381
19.2969
18.7684
18.7721
18.7901
18.6641
18.8209
18.6297
18.5099
18.4882
18.4055
18.2835
18.377
18.3446
19.4341
18.0911
18.0218
18.0138
17.9002
17.8136
18.0322
17.9227
18.1056
18.179
18.3556
17.541
17.4917
17.3841
17.3299
17.3839
17.252
17.2103
17.1444
17.2661
17.3659
17.4491
17.1599
16.979
16.914
17.125
16.843
17.0949
16.7028
16.6157
16.591
16.6056
17.272
16.5662
16.5168
16.4143
16.3642
16.452
16.5392
16.1758
16.1167
16.0944
16.331
17.4734
16.0406
16.1602
16.124
16.0605
15.7764
15.7268
15.8894
15.9817
15.6534
15.6208
15.6724
15.5582
15.7483
15.8624
16.5102
15.4146
15.3037
15.4745
15.8206
15.1608
15.187
15.3118
15.7047
15.215
15.0043
15.233
14.8439
14.9426
15.2273
14.7034
14.6341
14.6371
14.6588
14.9095
14.6584
14.7397
14.4529
14.4176
14.6713
14.2195
14.1656
14.1568
14.086
14.0317
14.0887
14.0486
14.0363
14.0033
14.0541
13.8391
13.9238
13.7468
13.7325
13.7724
14.0247
13.8033
14.1762
13.6586
13.5476
13.4824
13.5112
13.7837
13.4137
13.4287
13.3095
13.2499
13.2212
13.2308
13.1623
13.2353
13.2177
13.8065
13.113
13.3541
12.9887
12.9476
12.8784
12.8354
12.8448
12.8834
13.1355
13.0561
12.9795
13.0903
12.6652
12.5879
12.5605
12.4876
12.4847
12.4643
12.5134
12.3781
12.3316
12.3277
12.6917
12.7411
12.3083
12.2204
12.1511
12.1838
12.1523
12.0674
11.9981
12.0381
11.9772
11.9243
11.8721
11.8707
11.8324
11.7836
11.816
11.9956
12.6089
12.5369
11.8046
11.7055
11.7682
11.8679
11.6655
11.599
11.573
11.5325
11.4902
11.4985
11.5092
11.5676
11.4088
11.3609
11.3254
11.3101
11.4164
11.3227
11.3241
11.4601
11.3176
11.1778
11.2049
11.1148
11.0744
11.1195
11.102
11.0098
11.0036
11.144
11.0183
11.0394
10.8952
10.8792
10.8325
10.7702
10.8453
11.1207
11.3408
11.5521
10.9193
10.7419
10.6767
10.6423
10.5977
10.5887
10.5346
10.5371
10.4709
10.4669
10.4531
10.392
10.3758
10.5286
10.5511
10.6183
10.3695
10.2895
10.3293
10.2156
10.189
10.1737
10.1276
10.0996
10.1087
10.0188
10.0446
10.1038
10.1069
10.4862
10.6953
10.4218
10.157
10.0864
9.96568
9.94941
9.86268
9.86949
9.83136
9.84598
9.83444
9.92715
9.952
9.74973
9.67411
9.66995
9.60499
9.57387
9.54444
9.56172
9.51932
9.52182
9.60768
9.89175
9.8732
9.79038
9.5851
9.45021
9.39549
9.36186
9.35336
9.31473
9.30418
9.28272
9.35062
9.24727
9.20621
9.19092
9.21684
9.18025
9.16084
9.12033
9.11602
9.08441
9.0939
9.09624
9.04438
9.12368
9.21344
9.35067
9.11785
9.03846
8.98646
8.97673
9.00002
8.94028
8.92331
8.89215
8.86191
8.86194
8.82536
8.8159
8.79439
8.82746
8.84922
8.94442
8.91675
8.92501
8.80515
8.77136
8.79383
8.72049
8.71905
8.69417
8.67054
8.65154
8.66661
8.60958
8.62982
8.60463
8.58361
8.55846
8.55777
8.61587
8.53431
8.50934
8.49046
8.47482
8.5046
8.62905
8.59652
8.73632
8.53043
8.40514
8.3904
8.45068
8.45813
8.40821
8.36978
8.34033
8.33823
8.34486
8.36345
8.28172
8.26558
8.25617
8.27769
8.31763
8.21794
8.18514
8.17364
8.25995
8.41724
8.27217
8.23485
8.15295
8.15852
8.17037
8.10534
8.09518
8.06501
8.06929
8.06968
8.00943
7.99306
7.9726
7.95501
7.94722
7.94075
7.93341
7.94613
7.97854
8.03844
7.92691
7.90818
7.92153
7.84802
7.81252
7.7961
7.80174
7.75539
7.72858
7.74082
7.83696
8.55222
8.41332
7.86765
7.84592
7.7884
7.75187
7.72504
7.7152
7.67799
7.65727
7.6497
7.62185
7.61708
7.57611
7.56106
7.54162
7.53628
7.64757
7.60858
7.54242
7.49055
7.47875
7.45255
7.42849
7.40758
7.43133
7.45894
7.41
7.37637
7.35116
7.32994
7.31279
7.33654
7.28731
7.26715
7.29485
7.3009
7.23323
7.1932
7.17509
7.15701
7.15399
7.11042
7.08832
7.19476
7.18445
7.11081
7.07583
7.07086
7.05534
7.01332
7.01639
7.01728
7.03622
6.97263
6.93291
6.9136
6.90069
6.87203
6.86529
6.92108
6.85984
7.02155
7.20835
6.99929
6.94943
6.8838
6.82622
6.80746
6.80685
6.78842
6.74847
6.73879
6.72305
6.73443
6.87637
6.85739
6.71762
6.70605
6.67186
6.65302
6.626
6.61544
6.61452
6.60725
6.60463
6.56614
6.55133
6.52439
6.5287
6.48501
6.46651
6.46793
6.51012
6.45193
6.49532
6.43128
6.41299
6.38459
6.36817
6.34761
6.34443
6.37438
6.29775
6.27217
6.29507
6.27469
6.27702
6.28504
6.20043
6.1764
6.15975
6.16504
6.13154
6.09686
6.11231
6.10583
6.16421
7.07815
6.58442
6.18812
6.1504
6.12782
6.10416
6.07958
6.06073
6.03367
6.00877
5.99413
5.97741
5.98558
5.93915
5.9102
5.89155
5.8653
5.84402
5.82454
5.82866
5.79319
5.76795
5.74608
5.78059
5.78662
5.75457
5.76211
5.69633
5.67507
5.69216
5.71693
5.66868
5.60609
5.6026
5.56887
5.58049
5.55649
5.54533
5.67463
5.63638
5.52728
5.55286
5.43996
5.43154
5.40812
5.36251
5.32964
5.30789
5.30186
5.27241
5.3152
5.39805
5.64446
5.40992
5.30808
5.29182
5.26061
5.23125
5.23299
5.17428
5.1518
5.1226
5.09733
5.05911
5.05281
5.04018
5.02135
4.97601
4.96276
4.92943
4.93343
4.94368
4.91431
4.85573
4.91018
4.85186
4.79506
4.76778
4.72825
4.70887
4.69824
4.6817
4.98266
4.84886
4.78125
4.76688
4.73102
4.72313
4.65798
4.63562
4.63478
4.60069
4.56143
4.55943
4.5233
4.50287
4.48599
4.45766
4.43614
4.40756
4.37641
4.36164
4.65491
4.47614
4.4307
4.38608
4.3464
4.34053
4.31172
4.277
4.26238
4.23806
4.22124
4.21248
4.19318
4.15846
4.13594
4.14492
4.11936
4.10236
4.09331
4.08893
4.06197
4.04627
4.05724
4.02711
4.00474
3.97869
3.95443
3.92716
3.9402
3.93853
3.97562
3.9429
3.86045
3.84254
3.88701
3.85347
3.86549
3.87279
3.8211
3.80011
3.85881
3.94119
3.95955
3.86491
3.92055
3.82031
3.785
3.76558
3.78136
3.8041
3.7586
3.73389
3.72393
3.72149
3.73847
3.67292
3.66467
3.66498
3.66201
3.63275
3.61617
3.61149
3.58149
3.60868
3.70305
3.62626
3.56895
3.56005
3.57848
3.55725
3.62057
3.57056
3.506
3.50693
3.54241
3.57064
3.54656
3.48656
3.4549
3.48337
3.45996
3.43398
3.42909
3.4114
3.56391
3.4707
3.56801
3.45729
3.50702
3.42779
3.52084
3.53588
3.42343
3.36706
3.4666
3.49406
3.48953
3.31541
3.35493
3.30548
3.35895
3.27744
3.23986
3.3114
3.29628
3.32899
3.26429
3.27234
3.19009
3.21544
3.25643
3.17014
3.14416
3.16999
3.12319
3.22297
3.45925
3.65085
3.26067
3.17259
3.19634
3.13063
3.25585
3.29631
3.35693
3.18356
3.1321
3.15184
3.18763
3.10637
3.14165
3.16965
3.2701
3.21258
3.0452
3.09249
3.02188
3.12076
2.99147
3.07449
3.05882
3.03702
2.94262
3.0249
2.90956
2.98708
2.96944
3.10064
2.93793
3.04751
2.94574
2.99448
2.93546
2.9893
2.90508
2.94096
2.90825
2.95838
2.88469
2.91275
2.81993
2.9671
2.94972
3.3119
2.95966
3.00188
3.10274
2.88011
2.84466
2.86196
2.84476
2.93022
2.95994
2.84849
2.77198
2.81713
2.73885
2.80081
2.71541
2.89653
2.70489
2.85783
2.84718
2.72683
2.77837
2.74789
2.77013
2.69701
2.72013
2.6452
2.79504
2.70328
2.65327
2.59151
2.64393
2.58483
2.67381
2.55195
2.61315
2.53412
2.5398
2.72438
2.55907
2.57167
2.53916
2.54459
2.51258
2.50552
2.45833
2.54436
2.60042
2.42737
2.57333
2.52342
2.47338
2.41723
2.61088
2.48009
2.41294
2.54366
2.57399
2.43638
2.47894
2.431
2.43467
2.39287
2.38794
2.34308
2.49626
2.36771
2.36344
2.28365
2.42763
2.26663
2.24962
2.25956
2.19741
2.22892
2.37569
2.35681
2.26091
2.32422
2.24437
2.22231
2.2534
2.22973
2.28124
2.28607
2.35481
2.34776
2.33291
2.17693
2.1105
2.10307
2.21047
2.48267
2.60374
2.19004
2.10389
2.13697
2.09381
2.09764
2.17271
2.12268
2.22852
2.24665
2.15054
2.08701
2.1841
2.00221
2.0677
2.18259
2.08376
2.1249
2.11487
2.31464
2.11897
2.07669
2.2339
2.18998
2.03588
1.99241
2.04011
2.02711
2.1584
2.20508
2.23136
2.02396
2.06536
2.12596
2.18222
1.98079
2.00613
2.01576
1.98148
1.93573
1.92859
1.925
1.90813
1.9204
1.90059
1.89897
1.92929
2.01173
2.12497
2.26272
2.06464
2.07141
2.00559
2.17588
2.07811
2.01368
2.0003
1.92727
1.94288
1.89446
2.07665
1.92466
1.90976
1.97366
2.17637
2.09881
1.90995
1.86929
1.86194
1.85519
1.85024
1.87337
1.87853
1.87382
1.95102
1.99115
1.92353
1.89366
1.87139
1.89138
1.94631
1.99153
1.8798
1.84564
1.827
1.82116
1.80784
1.80102
1.7955
1.84849
1.80875
1.8198
1.80457
1.80936
1.8109
1.89961
1.85268
1.92572
1.79825
1.78933
1.8013
1.88806
1.77718
1.80043
1.78467
1.79448
1.8255
1.76344
1.75619
1.74894
1.74509
1.78437
1.77276
1.83888
1.78402
1.91566
2.71064
2.00064
1.77535
1.75301
1.7845
1.87539
1.79057
1.7382
1.72917
1.72206
1.7236
1.76981
1.72851
1.75035
1.72887
1.78618
1.75155
2.00781
1.86402
1.74652
1.72935
1.73253
1.70764
1.72563
1.74033
1.79282
1.69707
1.73293
1.77406
1.68422
1.67691
1.67696
1.71997
1.68033
1.70768
1.67685
1.69757
1.72315
1.79697
1.69112
1.69601
1.71217
1.69374
1.73885
1.67488
1.65144
1.64402
1.64125
1.70708
1.68783
1.67393
1.66025
1.67028
1.68894
1.81629
1.66089
1.64989
1.73216
1.63336
1.66855
1.71151
1.62765
1.62675
1.7055
1.76083
1.64664
1.62801
1.65173
1.62926
1.62704
1.62759
1.69372
1.6043
1.63321
1.66758
1.59826
1.58853
1.59797
1.62609
1.59855
1.61664
1.59588
1.60438
1.59398
1.59292
1.63696
1.74374
1.58792
1.6046
1.57197
1.63396
1.75053
1.67975
1.57696
1.61533
1.58801
1.63949
1.6293
1.62588
1.60393
1.63956
1.70469
1.5923
1.65262
1.72672
1.6101
1.65791
1.62469
1.56447
1.58721
1.56253
1.57523
1.56002
1.56267
1.558
1.5811
1.5673
1.60818
1.54463
1.52475
1.51935
1.58421
1.53714
1.57221
1.54009
1.57351
1.53612
1.53515
1.53031
1.52245
1.53856
1.68613
1.74658
1.60572
1.5891
1.54604
1.51559
1.53326
1.54601
1.52176
1.54271
1.51312
1.548
1.57922
1.48747
1.47966
1.53956
1.47714
1.53091
1.4732
1.51402
1.48132
1.56326
1.47817
1.50547
1.4715
1.49995
1.52659
1.58403
1.46431
1.5155
1.55738
1.44288
1.50116
1.49169
1.51065
1.47113
1.50037
1.46938
1.48799
1.46941
1.48372
1.51424
1.54141
1.4545
1.47809
1.45592
1.48219
1.45151
1.51696
1.43318
1.46781
1.49711
1.42497
1.47518
1.42926
1.46587
1.40651
1.45261
1.43857
1.46682
1.475
1.70217
1.57986
1.46582
1.42507
1.4343
1.42378
1.41789
1.4356
1.4968
1.45011
1.44972
1.42703
1.42947
1.43062
1.42181
1.44997
1.46654
1.38608
1.38714
1.37922
1.43909
1.38228
1.4282
1.37911
1.4179
1.41644
1.47727
1.39079
1.42043
1.41441
1.50056
1.37728
1.40944
1.46922
1.35692
1.34877
1.41328
1.3476
1.40986
1.36873
1.38293
1.35793
1.41169
1.3627
1.44695
1.61476
1.54111
1.55687
1.51001
1.38081
1.38284
1.40052
1.45119
1.34673
1.3806
1.3548
1.41146
1.41971
1.34028
1.38455
1.33409
1.37343
1.33275
1.37806
1.34573
1.34822
1.36487
1.42688
1.31146
1.30393
1.38942
1.46049
1.30868
1.3453
1.31324
1.33811
1.34583
1.3484
1.32912
1.33739
1.33002
1.501
1.43738
1.4743
1.41857
1.38617
1.32954
1.37434
1.31541
1.32931
1.34103
1.42043
1.27801
1.35064
1.40712
1.38387
1.41989
1.28612
1.26656
1.33661
1.34653
1.26641
1.30646
1.27006
1.29501
1.26791
1.28282
1.26665
1.27189
1.26883
1.28659
1.27956
1.3791
1.23569
1.28401
1.31684
1.24268
1.28478
1.25677
1.28197
1.25611
1.26377
1.26526
1.27485
1.25135
1.23216
1.24525
1.3039
1.24493
1.25764
1.24567
1.24554
1.24771
1.25671
1.23156
1.22375
1.23767
1.20528
1.23723
1.27157
1.29088
1.31701
1.38302
1.32521
1.25099
1.20604
1.2266
1.18873
1.27079
1.30328
1.18856
1.1784
1.22911
1.17781
1.21649
1.21451
1.2067
1.17914
1.19856
1.25083
1.2286
1.26931
1.19817
1.24508
1.26714
1.16262
1.15137
1.14025
1.13537
1.21581
1.1544
1.2033
1.16091
1.2546
1.22577
1.18139
1.17724
1.16349
1.1524
1.15434
1.21142
1.218
1.19966
1.13639
1.19014
1.23253
1.13011
1.12365
1.16535
1.12845
1.1545
1.15786
1.14269
1.12759
1.13263
1.15682
1.12787
1.16419
1.10189
1.13609
1.17574
1.10189
1.14437
1.11715
1.16214
1.10486
1.11341
1.09848
1.10331
1.13911
1.10319
1.15701
1.09494
1.2257
1.20059
1.23368
1.13699
1.12158
1.10766
1.08951
1.07252
1.06691
1.12515
1.06429
1.10564
1.05521
1.10662
1.05724
1.05682
1.12528
1.17696
1.09449
1.09547
1.06592
1.08534
1.0543
1.0842
1.06931
1.09506
1.03418
1.02245
1.02214
1.11825
1.12519
1.02983
1.0697
1.03124
1.05763
1.02877
1.04441
1.02913
1.06631
1.03451
1.01999
1.02771
1.01296
1.07854
1.1711
1.04788
1.001
1.0372
1.01451
1.03565
0.983679
0.967793
0.959497
1.02903
1.02496
0.968287
1.00126
1.02646
1.04272
1.0195
1.03649
1.09332
1.05044
0.98448
0.980848
0.984656
0.97643
1.01488
0.964299
1.01126
0.952481
0.933767
0.927767
1.02607
1.0199
1.03463
0.939964
0.97485
0.939761
0.986586
0.9562
0.959657
0.974573
0.978833
0.940248
0.940673
0.960639
0.951834
0.949445
0.910003
0.938409
0.900904
0.977514
1.0141
0.990599
0.997802
0.933591
0.943074
1.02795
0.999881
1.02319
0.948257
0.928265
0.899736
0.922547
0.889417
0.916413
0.871872
0.861987
0.912629
0.878007
0.964037
0.975212
0.946263
0.95865
0.87974
0.895694
0.874524
0.874959
0.881344
0.889716
0.891027
0.863805
0.91697
0.911511
0.879819
0.842526
0.871483
0.838572
0.829456
0.815967
0.867278
0.950107
0.917654
0.910741
0.840918
0.840431
0.843742
0.83048
0.879102
0.825061
0.891034
0.830231
0.797084
0.783738
0.780449
0.781057
0.891377
1.1318
0.905453
0.876599
1.03366
1.22701
1.06261
1.13887
0.905742
0.829983
0.811931
0.838952
0.847837
0.820899
0.84125
0.805715
0.823978
0.804216
0.850647
0.852612
0.8359
0.761518
0.835015
0.89702
0.862921
0.808138
0.783249
0.806147
0.768911
0.804249
0.755541
0.803775
0.777288
0.823309
0.863637
0.824611
0.789681
0.759477
0.765745
0.801252
0.782861
0.774403
0.738627
0.779528
0.742787
0.786304
0.713373
0.778807
0.899746
0.955215
0.787677
0.733777
0.714337
0.706197
0.826557
0.97207
0.735852
0.725995
0.773297
0.796436
0.712933
0.770173
0.826696
0.715352
0.753433
0.833334
0.758662
0.813712
0.731934
0.700981
0.808776
0.700377
0.681087
0.663309
0.82256
0.909995
0.739058
0.668539
0.657222
0.798978
0.808287
0.728245
0.865032
0.736681
0.668641
0.755389
0.790633
0.699903
0.679924
0.792097
0.974939
0.775664
0.667591
0.739795
0.783232
0.670995
0.721783
0.771038
0.669347
0.705847
0.779518
0.711955
0.769324
0.684694
0.650673
0.759722
0.678716
0.630321
0.694615
0.634838
0.751755
0.748322
0.640378
0.740651
0.728827
0.64215
0.691553
0.71751
0.635226
0.680412
0.713025
0.646127
0.658501
0.72174
0.647793
0.676968
0.622279
0.642656
0.619479
0.717377
0.635028
0.671894
0.604184
0.602327
0.600469
0.599848
0.613911
0.599171
0.596572
0.597207
0.604297
0.597378
0.59727
0.594152
0.592669
0.603987
0.596942
0.593356
0.589624
0.593958
0.588493
0.586598
0.586581
0.584578
0.582684
0.580802
0.578929
0.578081
0.5946
0.57801
0.586578
0.579026
0.593792
0.579015
0.57674
0.574803
0.5729
0.571063
0.591213
0.574135
0.571923
0.579126
0.593558
0.571562
0.569365
0.5672
0.565284
0.563366
0.561446
0.559526
0.557605
0.55832
0.595697
0.712605
0.667325
0.640378
0.625103
0.61089
0.628175
0.56027
0.562791
0.555638
0.556029
0.559744
0.552321
0.550719
0.560641
0.560909
0.550819
0.556095
0.586688
0.581488
0.607083
0.591618
0.60407
0.55107
0.548845
0.549926
0.552858
0.549161
0.546619
0.546526
0.550206
0.542367
0.54022
0.538668
0.556173
0.540073
0.536063
0.534059
0.533154
0.551522
0.534285
0.543395
0.534432
0.53933
0.531337
0.529298
0.527261
0.525814
0.544929
0.533083
0.532345
0.530115
0.523503
0.52135
0.5211
0.519598
0.517342
0.517109
0.538381
0.516509
0.517509
0.529236
0.517765
0.521937
0.518247
0.531993
0.514956
0.513947
0.515979
0.512068
0.511615
0.524851
0.594068
0.523484
0.574314
0.507412
0.505493
0.505939
0.503962
0.501984
0.500005
0.498025
0.496067
0.495945
0.504389
0.503165
0.505353
0.499545
0.493307
0.491331
0.489368
0.487418
0.486223
0.510629
0.488629
0.483276
0.481244
0.479276
0.479707
0.518994
0.504991
0.569436
0.556558
0.679358
0.550928
0.598455
0.555151
0.736314
0.70998
0.66809
0.507844
0.687928
0.492236
0.548495
0.485706
0.485105
0.486385
0.48085
0.478854
0.476857
0.474859
0.47286
0.470859
0.468858
0.466867
0.464886
0.464765
0.506384
0.481332
0.693626
0.515337
0.593251
0.508999
0.46628
0.463643
0.4615
0.459383
0.457305
0.455316
0.453322
0.452964
0.471716
0.452201
0.44935
0.466215
0.450046
0.44959
0.456609
0.451914
0.518379
0.465591
0.578043
0.478065
0.571982
0.811356
0.564739
0.893639
0.691321
0.610553
0.50215
0.523953
0.460855
0.458563
0.456273
0.453977
0.453328
0.455931
0.45117
0.448867
0.446699
0.444686
0.442672
0.440928
0.45571
0.444702
0.43838
0.436361
0.434341
0.433335
0.432984
0.433883
0.443462
0.437022
0.434293
0.436612
0.433572
0.537841
0.602933
0.445491
0.430739
0.504334
0.509642
0.423786
0.491474
0.574109
0.494137
0.549328
0.451725
0.425003
0.452434
0.414271
0.462875
0.40993
0.407871
0.407633
0.406424
0.40436
0.404238
0.422442
0.407972
0.405644
0.411919
0.408672
0.40275
0.408442
0.40236
0.398682
0.396583
0.398017
0.397414
0.393697
0.404806
0.397776
0.39051
0.397284
0.395307
0.391486
0.392508
0.387084
0.384975
0.382886
0.380795
0.379347
0.421813
0.450696
0.558933
0.550076
0.59823
0.419491
0.432769
0.380672
0.426879
0.398087
0.427669
0.374851
0.372746
0.370641
0.37083
0.369073
0.366961
0.364847
0.363805
0.385938
0.362702
0.359839
0.357682
0.357121
0.384325
0.38036
0.418639
0.371806
0.412581
0.356295
0.354144
0.352031
0.349897
0.347769
0.34564
0.343509
0.343122
0.373147
0.343901
0.342432
0.340053
0.368115
0.338955
0.33957
0.360717
0.36582
0.558285
0.445241
0.501984
0.396397
0.397162
0.332446
0.330186
0.327987
0.330255
0.350008
0.328711
0.329741
0.329197
0.333489
0.329633
0.326444
0.324421
0.329594
0.324007
0.319959
0.317681
0.315432
0.313245
0.311731
0.334904
0.313175
0.309314
0.307129
0.308236
0.309647
0.322398
0.31071
0.306431
0.313417
0.310728
0.306848
0.301183
0.299195
0.316854
0.307487
0.348374
0.385846
0.381045
0.479347
0.430912
0.421669
0.331941
0.316875
0.34306
0.29532
0.292906
0.290646
0.288439
0.28623
0.285808
0.301286
0.288194
0.282765
0.293942
0.285324
0.283756
0.284681
0.278279
0.286187
0.282742
0.275016
0.272697
0.271961
0.270774
0.268542
0.266309
0.264074
0.264865
0.317034
0.504842
0.746006
0.468077
0.378943
0.287887
0.318172
0.296052
0.294246
0.301535
0.326384
0.405229
0.302268
0.326019
0.278862
0.26696
0.262245
0.259777
0.257557
0.255335
0.253155
0.278787
0.259167
0.250385
0.248158
0.249042
0.277121
0.247558
0.266709
0.247932
0.256828
0.248002
0.250801
0.243559
0.241335
0.239095
0.236916
0.254658
0.24921
0.241132
0.244054
0.237751
0.233522
0.233889
0.231423
0.229106
0.226842
0.224579
0.222311
0.220043
0.217773
0.215502
0.216315
0.235661
0.229003
0.240389
0.220983
0.215901
0.229146
0.218284
0.222187
0.211864
0.209644
0.228236
0.274136
0.235442
0.262747
0.222794
0.261514
0.219945
0.356799
0.359049
0.317846
0.216641
0.230097
0.315362
0.223923
0.207962
0.227383
0.205777
0.247707
0.24154
0.31444
0.246858
0.252771
0.204457
0.226236
0.241414
0.369274
0.428794
0.29712
0.272174
0.274466
0.187691
0.185317
0.182984
0.184006
0.214668
0.190919
0.18759
0.185294
0.203512
0.205506
0.278634
0.19108
0.179814
0.177177
0.174834
0.172488
0.170142
0.167794
0.165444
0.163093
0.160739
0.159561
0.16616
0.172033
0.167004
0.159054
0.156693
0.154331
0.151981
0.149641
0.1473
0.144957
0.143058
0.17932
0.146406
0.141305
0.173485
0.201584
0.288893
0.23984
0.184671
0.164374
0.140598
0.138215
0.135845
0.133474
0.131101
0.128727
0.127014
0.153543
0.12843
0.127038
0.142303
0.128899
0.132521
0.128495
0.126191
0.12142
0.119245
0.129493
0.120877
0.115976
0.115366
0.113989
0.111523
0.109055
0.109814
0.125544
0.114313
0.132772
0.127253
0.108011
0.122341
0.115579
0.168524
0.169463
0.224286
0.194567
0.262236
0.118911
0.109072
0.1311
0.1341
0.118206
0.119755
0.115789
0.203398
0.120501
0.0950914
0.0924479
0.0900112
0.0875702
0.0877255
0.146264
0.2083
0.102978
0.100452
0.143051
0.0842232
0.0899434
0.0837878
0.080977
0.0781645
0.0756456
0.0732003
0.0707534
0.0683037
0.0683393
0.0705367
0.0647359
0.0622789
0.0629957
0.0796379
0.0682483
0.0633225
0.0681902
0.0587002
0.0686147
0.0641825
0.0549925
0.0525161
0.050038
0.0475583
0.0450769
0.0425936
0.0401045
0.0380487
0.0761479
0.0555984
0.0378298
0.0633036
0.136323
0.112467
0.181198
0.206353
0.102905
0.0964677
0.150401
0.0758539
0.0475072
0.0380644
0.0485961
0.0808215
0.040783
0.032598
0.0336463
0.0480126
0.0769859
0.0332238
0.0444538
0.0714179
0.0339028
0.0371961
0.0373896
0.0382414
0.0339744
0.0392869
0.0305577
0.0403422
0.027139
0.0413978
0.0237173
0.0424536
0.0208458
0.0168416
0.0436255
0.0168963
0.00907142
0.00960044
0.060302
0.0689983
0.0096038
0.0123374
0.0586506
0.0469575
0.00563819
0.012846
0.0468892
0.0486352
0.00510079
0.0341802
0.0165838
0.0309476
0.0173505
0.0515589
0.0422747
0.0181708
0.0286654
0.0568832
0.0394571
0.0318762
0.0808594
0.0829991
0.263753
0.23277
0.312268
0.290125
0.235789
0.184718
0.245249
0.0984373
0.0144806
0.0182698
0.0346529
0.0557392
0.0244217
0.0120776
0.026009
0.00887564
0.0267251
0.00567103
0.0274422
0.00245157
0.0281624
0
108.98
85.7334
70.0273
58.4166
48.4261
40.7843
36.7876
34.7498
33.2318
31.6738
30.5738
29.3297
28.263
27.0646
26.1313
25.1639
24.3086
23.5887
22.8003
22.3474
21.5873
21.1407
20.6331
20.2858
19.9835
19.6676
20.3824
18.6172
18.4679
17.959
17.5927
17.3773
16.7625
16.7916
16.3295
15.9941
16.0779
16.7036
16.5422
15.2012
14.9902
15.1738
15.0007
14.0641
13.622
13.2705
13.3208
13.1689
12.7354
12.4659
12.1813
11.9802
11.9126
12.4744
11.9399
12.1363
11.4019
11.3815
10.8041
10.7926
10.3367
10.5577
10.3445
10.7789
9.99517
9.61215
9.59024
10.0735
9.85455
9.44835
9.09355
8.94216
8.82973
8.60932
8.36906
8.40011
8.40311
8.82693
8.74157
8.68462
8.596
7.96316
7.81037
7.74645
7.40207
7.3414
7.37781
7.47809
7.64966
7.8237
8.01404
7.23225
7.17716
6.71404
6.57987
6.46803
6.40307
6.34482
6.33364
6.40606
6.32383
6.25735
6.10319
6.01166
5.84995
5.80614
5.95666
5.78542
5.51852
5.56842
5.33313
5.30173
5.17232
5.32896
5.02574
4.93054
4.94842
4.95209
5.26589
6.45436
5.16357
4.99819
5.02865
5.4259
4.76912
4.60735
4.56641
4.575
4.55326
4.48965
4.57967
4.56408
4.65108
4.37518
4.33899
4.35713
4.27817
4.22694
4.17578
4.20291
4.21206
4.13159
4.10336
4.07019
4.00516
3.97028
4.16347
4.06494
4.06708
3.96454
4.0987
4.45923
5.14415
4.19374
4.46482
4.18656
4.21063
3.88142
4.0538
3.85602
3.84909
3.73391
3.67938
3.72425
3.64381
3.7259
3.60509
3.58761
3.5738
3.59543
3.54657
3.5186
3.50072
3.48141
3.47512
3.48998
3.52586
3.45605
3.42611
3.4291
3.40552
3.38062
3.38681
3.61109
3.42328
3.51313
3.41182
3.44505
3.46779
3.76192
3.38675
3.44437
3.33466
3.44715
3.22021
3.18097
3.15881
3.14276
3.31667
3.2382
3.26228
3.28644
3.14761
3.18034
3.04147
3.0126
2.99756
2.98837
3.08348
3.39298
3.04902
3.11351
2.93416
3.25771
2.97768
3.49292
2.89242
2.81946
2.80241
2.76631
2.7654
2.7757
2.91215
2.85322
3.10715
2.72277
2.6892
2.66105
2.73316
2.9144
2.62834
2.578
2.55445
2.54574
2.52849
2.60732
2.61192
2.62637
2.56247
2.66208
2.45793
2.43684
2.41743
2.3949
2.37493
2.47055
2.41055
2.47251
2.42119
2.42157
2.46425
2.49549
2.67769
2.33688
2.33454
2.28129
2.31953
2.24194
2.21307
2.24096
2.57139
2.31707
2.19515
2.17784
2.1655
2.14421
2.13527
2.2248
2.24313
2.6486
2.1219
2.08785
2.07786
2.06676
2.13372
2.05617
2.29001
2.04351
2.22689
2.05587
2.72373
2.01606
2.00541
2.04355
2.00478
2.09023
2.40295
2.10172
2.24344
2.37922
3.02256
1.97905
1.92949
1.89629
1.86413
1.84659
1.86951
2.02906
1.83554
1.81443
1.78297
1.76466
1.75123
1.74462
1.74173
1.73494
1.73428
1.7336
1.79593
1.95906
1.87983
2.62008
1.67659
1.69192
1.77649
1.73029
1.89622
1.82345
2.21413
1.61873
1.58402
1.57472
1.55368
1.54575
1.53068
1.54833
1.50638
1.52086
1.48481
1.53832
1.49618
1.44643
1.50885
1.45849
1.42413
1.44547
1.43593
1.4599
1.42215
1.37961
1.36594
1.35816
1.33387
1.32278
1.31172
1.38231
1.44652
1.32691
1.35679
1.27839
1.33912
1.64967
1.89063
1.23482
1.20424
1.19657
1.22427
1.2984
1.63088
1.23171
1.25167
1.48081
1.93343
1.26184
1.21066
1.16309
1.11755
1.117
1.08209
1.07973
1.05741
1.10958
1.05212
1.04566
1.09066
1.03894
1.49582
1.01029
0.996542
0.973021
0.952142
0.964202
1.16013
1.51488
1.03599
1.01288
0.936003
0.908514
0.885796
0.890447
0.856049
0.857894
0.83826
0.889107
0.863004
0.915935
0.821095
0.841643
0.853354
1.03286
0.920524
1.21751
0.781556
0.746854
0.933592
1.66672
0.939344
0.821219
0.894108
1.37828
0.89676
0.784892
0.810184
0.931053
0.885146
1.21682
0.759262
0.715705
0.933827
0.681962
0.724961
0.666946
0.702014
0.621167
0.805507
0.67313
0.682236
0.873772
0.612422
0.709756
0.668998
0.695869
0.610325
0.685989
0.607332
0.678966
0.607593
0.675368
0.657352
1.12244
0.641308
0.613885
0.686559
0.968604
0.631891
0.733443
0.915063
0.606484
0.69658
0.581859
0.688793
0.582345
0.681555
0.5828
0.674518
0.583256
0.667478
0.583714
0.660435
0.584167
0.653389
0.584783
0.648739
0.586181
0.641693
0.587332
0.662915
0.582715
0.650447
0.574798
0.64335
0.575277
0.643187
0.599948
0.615978
0.605866
0.645097
0.575798
0.642285
0.578865
0.635094
0.578355
0.629058
0.577434
0.72837
0.585999
0.610042
0.704959
0.552629
0.551977
0.551324
0.550672
0.552369
0.641943
0.647632
0.79666
0.671889
0.569144
0.559303
0.554976
0.554323
0.55367
0.553017
0.552363
0.55171
0.551056
0.550403
0.551635
0.552574
0.55192
0.551266
0.550612
0.549958
0.549304
0.54865
0.547995
0.547341
0.546686
0.546032
0.545377
0.544722
0.544104
0.543778
0.543123
0.542467
0.543984
0.546531
0.550886
0.543196
0.54254
0.541885
0.541229
0.540573
0.539917
0.539261
0.538604
0.537948
0.537291
0.537934
0.539468
0.538811
0.538155
0.537498
0.536841
0.536184
0.535527
0.53487
0.534213
0.533555
0.532898
0.53224
0.531583
0.530925
0.532364
0.533303
0.532506
0.531709
0.531005
0.530346
0.531232
0.531863
0.531203
0.530542
0.529882
0.529221
0.528561
0.5279
0.527239
0.526578
0.525916
0.525255
0.524945
0.524302
0.52364
0.522978
0.522963
0.522332
0.521306
0.522854
0.523496
0.522834
0.522172
0.52151
0.520848
0.520186
0.519523
0.51886
0.518198
0.517535
0.516872
0.517422
0.520266
0.518362
0.518122
0.517638
0.516734
0.516069
0.515403
0.514737
0.514072
0.513406
0.513095
0.515814
0.515006
0.514245
0.513579
0.512912
0.512246
0.51158
0.510913
0.510246
0.50958
0.508913
0.508246
0.507578
0.506911
0.507258
0.509147
0.508436
0.507768
0.507101
0.506433
0.505765
0.505098
0.50443
0.503788
0.503216
0.502548
0.50188
0.50185
0.505366
0.641212
0.869011
0.502536
0.501867
0.501198
0.500529
0.49986
0.49919
0.498521
0.497851
0.497182
0.496512
0.495842
0.495172
0.495948
0.521237
0.578229
0.520102
0.570562
0.520382
0.566744
0.523817
0.559679
0.52386
0.553057
0.514061
0.556425
0.514099
0.549531
0.524065
0.740717
0.524009
0.558332
0.509492
0.551292
0.515138
0.548537
0.522139
0.653346
0.507712
0.548077
0.505132
0.559975
0.858817
0.503831
0.486321
0.485647
0.484972
0.484298
0.483623
0.482948
0.482273
0.481598
0.482007
0.483821
0.483146
0.482471
0.481795
0.48112
0.480444
0.479768
0.479092
0.478416
0.47774
0.477064
0.476388
0.475711
0.475034
0.475529
0.47726
0.476584
0.475907
0.47523
0.474595
0.578679
0.87611
0.561113
0.713057
0.476261
0.475583
0.474905
0.474227
0.473549
0.473013
0.472389
0.47171
0.471031
0.470493
0.469875
0.470721
0.472107
0.471428
0.470748
0.470069
0.46939
0.46871
0.46803
0.467349
0.466669
0.465989
0.465308
0.464628
0.463947
0.463266
0.464247
0.465524
0.464434
0.463753
0.463072
0.46239
0.461709
0.461027
0.460346
0.459664
0.458982
0.458872
0.473375
0.47439
0.537976
0.478001
0.527663
0.470787
0.533812
0.591063
0.466243
0.457611
0.456928
0.456245
0.455561
0.454878
0.454194
0.453511
0.452827
0.452142
0.453531
0.454382
0.453698
0.453014
0.45233
0.451646
0.450961
0.450276
0.449591
0.448906
0.448221
0.447536
0.44685
0.446164
0.445479
0.447028
0.447723
0.447037
0.446351
0.445665
0.444979
0.444293
0.444234
0.443104
0.442417
0.441729
0.441761
0.440747
0.440059
0.439372
0.438684
0.438551
0.439971
0.440377
0.439689
0.439002
0.438314
0.437626
0.436938
0.436249
0.435561
0.434872
0.434183
0.43424
0.454172
0.44238
0.441545
0.440859
0.440173
0.439487
0.438801
0.438115
0.437429
0.436976
0.46999
0.496075
0.473965
0.493423
0.491546
0.48978
0.460865
0.482085
0.454035
0.491119
0.573258
0.439774
0.431138
0.43045
0.429762
0.429074
0.428385
0.428803
0.430636
0.429947
0.429258
0.428569
0.42788
0.427191
0.426502
0.425813
0.425123
0.424434
0.423744
0.423054
0.422365
0.421675
0.422237
0.423928
0.423238
0.422548
0.421857
0.421167
0.420476
0.419785
0.419094
0.418403
0.418077
0.419717
0.419024
0.418331
0.417704
0.4172
0.416667
0.415973
0.415279
0.414699
0.418631
0.416457
0.415763
0.415068
0.414373
0.413678
0.412983
0.412288
0.411593
0.410898
0.410965
0.415842
0.40934
0.408645
0.409421
0.412207
0.412404
0.411709
0.411014
0.410318
0.409622
0.408926
0.40823
0.407534
0.406838
0.406142
0.405445
0.404749
0.404052
0.403355
0.402658
0.403727
0.406374
0.486498
0.403979
0.486242
0.401993
0.401295
0.400597
0.399899
0.399201
0.398502
0.397804
0.397105
0.396407
0.395708
0.397834
0.398173
0.397474
0.396774
0.396075
0.395376
0.396918
0.472518
0.521324
0.463951
0.522632
0.402826
0.47226
0.401692
0.464562
0.401615
0.456889
0.401518
0.45
0.401423
0.443123
0.402454
0.441593
0.404328
0.433365
0.404234
0.435467
0.450102
0.396744
0.442824
0.396249
0.445377
0.506999
0.427664
0.397892
0.429689
0.495659
0.382824
0.382117
0.38141
0.380703
0.379996
0.379289
0.378582
0.379579
0.380872
0.380164
0.379457
0.37875
0.378043
0.377335
0.376627
0.375919
0.375211
0.374503
0.373794
0.373086
0.372377
0.371668
0.372931
0.379981
0.372996
0.372328
0.376465
0.37435
0.37348
0.372652
0.371942
0.371246
0.37076
0.37005
0.369339
0.368628
0.367917
0.367205
0.366494
0.367561
0.368887
0.368064
0.367353
0.366642
0.36593
0.365219
0.364507
0.363795
0.363083
0.36237
0.361658
0.360945
0.360232
0.360335
0.360051
0.363032
0.361489
0.360614
0.359821
0.359108
0.358394
0.35768
0.356965
0.356301
0.374435
0.425211
0.505157
0.573254
0.468531
0.375561
0.362327
0.361697
0.361143
0.36043
0.359716
0.359003
0.358289
0.357975
0.365267
0.360018
0.359304
0.358591
0.357877
0.357163
0.356449
0.355735
0.35502
0.354306
0.353591
0.352877
0.352162
0.353472
0.354461
0.353746
0.353031
0.352316
0.351601
0.350885
0.35017
0.349454
0.348738
0.348022
0.347306
0.346589
0.345873
0.346199
0.349317
0.344549
0.3456
0.347438
0.345401
0.344672
0.343943
0.343808
0.34624
0.345521
0.344803
0.344084
0.343365
0.342646
0.341927
0.341207
0.340488
0.340456
0.339239
0.33852
0.337798
0.337077
0.336356
0.337562
0.338675
0.337954
0.337233
0.336512
0.33579
0.335069
0.334347
0.333625
0.332903
0.33218
0.331458
0.330735
0.330012
0.32929
0.331144
0.331759
0.331698
0.330739
0.330016
0.329293
0.32857
0.327847
0.327123
0.3264
0.325698
0.426191
0.443116
0.419572
0.67419
0.341866
0.323248
0.322521
0.321794
0.321066
0.320339
0.319611
0.3203
0.32232
0.320796
0.320068
0.31934
0.318612
0.317884
0.317155
0.316427
0.315698
0.314969
0.31424
0.313511
0.314241
0.315854
0.315099
0.314369
0.31364
0.31291
0.312181
0.311451
0.310721
0.310038
0.309415
0.309166
0.308383
0.307653
0.306922
0.306192
0.306697
0.308532
0.307801
0.307071
0.30634
0.305609
0.304878
0.304146
0.303415
0.302683
0.301952
0.30122
0.300488
0.299755
0.300064
0.30967
0.417777
0.447685
0.310038
0.329891
0.33528
0.305136
0.304403
0.30367
0.302936
0.302203
0.301469
0.300736
0.300002
0.299268
0.298646
0.302422
0.300471
0.299737
0.299003
0.298269
0.297534
0.296799
0.296065
0.29533
0.294594
0.293859
0.293125
0.292653
0.291917
0.293519
0.298995
0.29329
0.292554
0.291819
0.291083
0.290347
0.290069
0.28931
0.288573
0.287837
0.2871
0.286363
0.285627
0.285767
0.287969
0.287232
0.286496
0.285758
0.285021
0.284284
0.283546
0.282808
0.28207
0.281348
0.371997
0.307285
0.33511
0.304721
0.33565
0.297873
0.335427
0.296343
0.373253
0.396133
0.386425
0.578551
0.296719
0.276053
0.27531
0.274568
0.273826
0.273083
0.27234
0.273282
0.276357
0.273986
0.273476
0.272674
0.27193
0.271186
0.270441
0.269697
0.268952
0.268208
0.267463
0.266718
0.265973
0.265228
0.264482
0.264034
0.287562
0.270443
0.269523
0.268602
0.267682
0.266761
0.265928
0.265181
0.264433
0.263685
0.262965
0.262467
0.261719
0.260971
0.260222
0.259473
0.258725
0.257976
0.257227
0.256477
0.256403
0.258853
0.258103
0.257353
0.256604
0.255854
0.255104
0.254354
0.253604
0.252853
0.252103
0.251666
0.253453
0.252702
0.251951
0.252423
0.25433
0.253579
0.252828
0.252076
0.251324
0.250573
0.249821
0.249069
0.248316
0.248421
0.259128
0.284722
0.324724
0.254628
0.322915
0.250072
0.249323
0.248575
0.248928
0.250944
0.250195
0.249445
0.248696
0.248012
0.325582
0.3554
0.25996
0.245242
0.244536
0.243786
0.243035
0.242284
0.241533
0.241453
0.246321
0.243328
0.242577
0.241826
0.241075
0.240324
0.23982
0.239943
0.238515
0.237711
0.236958
0.236206
0.235453
0.234701
0.233948
0.233196
0.232443
0.23169
0.231152
0.23047
0.230223
0.232896
0.231689
0.230935
0.230181
0.229427
0.228673
0.227919
0.227165
0.226411
0.225656
0.224902
0.224147
0.223536
0.227324
0.225672
0.239474
0.224334
0.22501
0.225291
0.224533
0.223774
0.223016
0.222257
0.221499
0.22074
0.219981
0.219222
0.218463
0.217792
0.217213
0.22046
0.217087
0.216328
0.217211
0.218731
0.217548
0.216789
0.216124
0.299522
0.217923
0.297504
0.212792
0.212032
0.211272
0.210511
0.209751
0.210679
0.212248
0.296215
0.210388
0.209627
0.208865
0.208104
0.207342
0.20658
0.205819
0.207209
0.206735
0.205971
0.205206
0.204442
0.203677
0.202912
0.204494
0.20568
0.204135
0.20337
0.202605
0.201839
0.201074
0.200308
0.199542
0.198776
0.19801
0.197243
0.196477
0.197757
0.198875
0.198109
0.197342
0.196575
0.195808
0.195041
0.194818
0.193695
0.192928
0.19216
0.192755
0.196466
0.205951
0.291577
0.370387
0.255393
0.312755
0.239915
0.240973
0.229153
0.227148
0.228813
0.219432
0.231795
0.332808
0.222832
0.325627
0.189337
0.188552
0.187779
0.18727
0.190192
0.189419
0.188645
0.187871
0.187098
0.186323
0.185549
0.184775
0.184001
0.183226
0.182452
0.181677
0.180902
0.180127
0.180707
0.186152
0.185423
0.1818
0.181026
0.180251
0.179475
0.1787
0.177925
0.177149
0.176373
0.175629
0.175226
0.17452
0.173742
0.172965
0.172188
0.172795
0.175162
0.173423
0.172646
0.171868
0.17109
0.170312
0.169533
0.168755
0.167976
0.167198
0.166419
0.16564
0.165974
0.168067
0.167288
0.166508
0.165729
0.164949
0.16417
0.16339
0.16261
0.161829
0.161049
0.161383
0.160493
0.2291
0.450814
0.488825
0.864285
0.215154
0.159818
0.159037
0.158255
0.158564
0.162007
0.159485
0.158703
0.157921
0.157139
0.156357
0.155574
0.154792
0.154009
0.153226
0.152443
0.15166
0.151699
0.154671
0.15289
0.152107
0.151323
0.150539
0.149756
0.149187
0.148346
0.147561
0.146776
0.146332
0.14794
0.155296
0.227401
0.185237
0.18855
0.1826
0.189715
0.185395
0.205137
0.169518
0.186385
0.286422
0.164822
0.193696
0.158832
0.186767
0.158459
0.179835
0.163378
0.178022
0.160927
0.170938
0.168208
0.284111
0.14032
0.13953
0.138741
0.137951
0.137161
0.13637
0.13558
0.134789
0.133999
0.133208
0.133008
0.137174
0.135044
0.134254
0.133463
0.132672
0.131881
0.131089
0.130298
0.129506
0.128715
0.127923
0.129671
0.130301
0.129054
0.12826
0.127466
0.126672
0.125877
0.125082
0.125162
0.127544
0.126749
0.125954
0.125159
0.124363
0.123568
0.122772
0.121976
0.12118
0.120384
0.119588
0.118791
0.118313
0.117353
0.116556
0.11813
0.119021
0.118224
0.117426
0.116628
0.11583
0.115032
0.114233
0.113435
0.112636
0.111838
0.111489
0.135365
0.129272
0.176618
0.244316
0.153555
0.152676
0.122401
0.117982
0.118072
0.117483
0.116687
0.11645
0.115596
0.114799
0.114002
0.113205
0.112407
0.11161
0.110812
0.110014
0.109216
0.108418
0.107773
0.110887
0.110089
0.10929
0.108491
0.107693
0.106894
0.106095
0.105295
0.104496
0.103697
0.102897
0.102097
0.101297
0.100497
0.100647
0.116048
0.150114
0.10548
0.101262
0.100461
0.0996607
0.0988597
0.0980586
0.0972574
0.0966039
0.0960752
0.0957018
0.0949
0.0942023
0.0952667
0.17128
0.0918997
0.0910935
0.0917977
0.0941706
0.0923463
0.0915397
0.090733
0.0899261
0.0891191
0.0883119
0.0875046
0.0866971
0.0858895
0.0850817
0.0849408
0.0835836
0.0848598
0.0861478
0.0851435
0.0843344
0.0835252
0.0827158
0.0819063
0.0810967
0.0802869
0.079477
0.0807118
0.086603
0.0998041
0.0819022
0.0810915
0.0802806
0.0794697
0.0786585
0.0778473
0.0770359
0.0767543
0.0795269
0.0787152
0.0779033
0.0770913
0.0762791
0.0754668
0.0746543
0.0738417
0.0730289
0.0725355
0.0725268
0.0717141
0.0709013
0.0700883
0.0692751
0.0684619
0.0676485
0.0678986
0.0701427
0.069329
0.0685151
0.067701
0.0668868
0.0660725
0.065258
0.0644434
0.0636286
0.0629305
0.13014
0.0646707
0.187729
0.328726
0.099269
0.112089
0.0791158
0.0996762
0.081222
0.098006
0.0822698
0.198077
0.0571265
0.0563066
0.0554866
0.0546664
0.0538461
0.0530256
0.0522046
0.0513832
0.0505617
0.0500698
0.0608221
0.105796
0.0694333
0.0646825
0.0524402
0.0506853
0.0489406
0.0471973
0.0454556
0.0437153
0.0419765
0.0402391
0.038503
0.0367684
0.0350351
0.0333032
0.031822
0.0442744
0.0613615
0.0863282
0.225039
0.0325512
0.0350023
0.0378988
0.0359166
0.0353873
0.0368306
0.0335987
0.0302649
0.0269322
0.025143
0.0234312
0.0217206
0.0200113
0.0183031
0.0184429
0.0394111
0.0193632
0.0369003
0.0202847
0.0343893
0.0212077
0.031878
0.0221322
0.0293667
0.0230581
0.0268551
0.0239867
0.0243424
0.0249178
0.0218294
0.0258504
0.0193162
0.0277567
0.021199
0.0238171
0.0186876
0.0247515
0.016176
0.0256864
0.0136642
0.0266228
0.0111522
0.0275606
0.00864119
0.0285
0.0061302
0.0294407
0.00361903
0.0303829
0.00110692
0.0313259
0
135.676
99.2051
70.3982
54.8325
48.0818
43.0256
39.5213
36.4737
33.6631
30.9921
28.9349
27.1938
25.5335
24.2182
22.775
21.5313
20.69
19.8866
19.3287
18.382
17.7326
16.9566
16.2424
15.8578
15.1603
14.6197
14.2646
13.8245
13.4277
13.0835
12.9729
12.5676
12.2969
12.1332
11.7784
11.5724
11.4585
11.3189
10.8803
10.6995
10.4443
10.3121
10.2249
10.0784
9.77635
9.53605
9.58014
9.15444
9.10671
8.93529
8.84579
8.62736
8.573
8.32177
8.13968
8.01816
7.84406
7.73408
7.72741
7.6353
7.54222
7.43045
7.41521
7.21171
7.24431
6.97873
6.93983
6.69883
6.65677
6.49272
6.59663
6.53048
6.41126
6.21825
6.09411
5.87658
5.86047
5.70389
5.79311
5.62794
5.61445
5.44254
5.31759
5.19334
5.10074
5.10608
5.27477
4.95121
4.68301
4.69213
4.83234
4.72767
4.30203
4.27769
4.08161
4.24183
4.16175
4.01752
3.95327
3.97212
3.67967
3.59659
3.73667
3.85092
3.62259
3.59952
3.31668
3.19455
3.21908
3.10082
3.08301
3.08024
3.07946
3.17304
3.3297
3.09414
3.14964
2.9262
2.98247
2.87275
2.74113
2.79018
2.85498
2.67871
2.76231
2.74615
2.63172
2.50604
2.51946
2.3857
2.37832
2.41495
2.47423
2.36052
2.30149
2.52817
2.6
2.57464
2.36825
2.50282
2.27009
2.226
2.17388
2.15682
2.13039
2.41902
2.02794
2.12401
2.0864
2.40471
2.02906
1.99484
2.19788
2.34554
2.02093
2.04379
1.97525
2.01099
2.02323
2.14802
2.0006
2.0449
1.91654
1.87905
1.87264
1.86568
1.83733
1.83481
1.85879
2.00907
1.91146
2.06869
1.83658
1.80465
1.78488
1.77362
1.81781
1.85118
1.93688
2.10435
1.87459
1.88969
1.81724
1.76544
1.75375
1.73942
1.74299
1.72771
1.71858
1.71085
1.70656
1.69736
1.68841
1.77105
1.93707
1.79931
1.96224
1.6946
1.68288
1.66253
1.65397
1.63594
1.63788
1.6319
1.61617
1.7095
1.77385
1.70883
1.67086
1.64887
1.67749
1.63553
1.61594
1.60532
1.5993
1.61189
1.59345
1.56827
1.56108
1.61854
1.78035
1.83781
1.69117
1.87617
1.57186
1.56192
1.5418
1.53178
1.51923
1.5215
1.52489
1.58081
1.56387
1.56607
1.68607
1.73519
1.54684
1.51444
1.49533
1.48463
1.46935
1.46069
1.50481
1.65968
1.48745
1.46124
1.45063
1.44705
1.43555
1.44352
1.49671
1.43537
1.42085
1.40174
1.39399
1.3807
1.44187
1.43474
1.4342
1.50819
1.4272
1.41162
1.36257
1.3543
1.34502
1.39563
1.47477
1.45774
1.71487
1.35115
1.34029
1.32396
1.31322
1.3011
1.35095
1.35957
1.52516
1.34223
1.31013
1.30268
1.28525
1.27707
1.26123
1.25121
1.26189
1.36636
1.44787
1.68651
1.33803
1.29794
1.25825
1.23927
1.22402
1.26519
1.35906
1.26419
1.21698
1.19868
1.1881
1.17372
1.17858
1.16814
1.15783
1.20058
1.15447
1.19093
1.14006
1.12206
1.24685
1.4589
1.1686
1.26528
1.19941
1.19282
1.15532
1.28204
1.15599
1.12694
1.10863
1.09987
1.08983
1.08175
1.16703
1.4142
1.18633
1.08714
1.14081
1.15052
1.18264
1.26953
1.16984
1.08703
1.07175
1.07069
1.0604
1.05316
1.04235
1.03385
1.03128
1.04904
1.15357
1.08452
1.24167
1.05374
1.03445
1.02377
1.01523
1.0166
1.0116
1.01524
1.00395
0.993549
1.01395
0.991773
0.9815
0.975605
1.02484
1.07786
1.16297
1.44045
1.06547
0.984599
0.974817
0.964606
0.959379
0.972429
0.958621
0.957158
0.968366
1.10116
1.32974
1.04466
0.960635
0.950905
0.95663
0.958766
0.943982
0.931248
0.935663
0.925502
0.921822
0.926389
0.922002
0.918278
0.906238
0.900967
0.933619
1.10452
1.61114
0.929154
0.910712
0.903568
0.903733
0.888014
0.878555
0.872379
0.940426
1.20462
0.891329
0.871651
0.861236
0.928515
1.06904
0.933213
0.906946
0.986554
1.05288
0.890267
0.858571
0.847876
0.838157
0.837932
0.906156
1.09372
0.842606
0.828285
0.824485
0.886413
0.948553
0.860574
0.93185
0.84964
0.841687
0.820774
0.81036
0.801163
0.79518
0.967274
0.879377
0.925768
0.853044
0.853529
0.83982
0.929767
0.829291
0.842729
0.802424
0.788263
0.779035
0.87361
1.13205
0.798994
0.795979
0.785107
0.7722
0.763059
0.759711
0.837049
0.871929
0.805801
0.886573
0.769694
0.79184
0.757434
0.747172
0.767904
0.940957
1.16229
0.798442
0.785279
0.812771
0.870208
0.773978
0.772801
0.84966
0.931517
0.749143
0.735442
0.728263
0.758009
0.746154
0.770875
0.736055
0.720056
0.74768
0.730349
0.719573
0.741666
0.704982
0.694282
0.692654
0.715508
0.747982
0.846093
1.05936
0.709658
0.692751
0.680104
0.68151
0.748234
0.923744
0.713316
0.805801
0.697475
0.706454
0.674488
0.660168
0.650997
0.652464
0.675467
0.738506
0.838992
1.10592
0.665665
0.659111
0.698627
0.71665
0.732257
0.890763
0.668496
0.647553
0.641894
0.672113
0.657466
0.63947
0.667078
0.621357
0.609331
0.710216
0.816008
0.648822
0.670472
0.744839
1.18183
0.661667
0.658364
0.679944
0.66361
0.650082
0.621437
0.609221
0.64583
0.603943
0.591385
0.594345
0.607001
0.625019
0.730278
1.01585
0.60566
0.630594
0.682218
0.629729
0.588856
0.575502
0.567226
0.625778
0.667983
0.658643
0.665757
0.617187
0.602067
0.571749
0.62346
0.559877
0.54748
0.546437
0.678352
1.01597
0.571985
0.570676
0.579879
0.597345
0.670164
0.940775
0.571689
0.569898
0.582377
0.548854
0.537114
0.589789
0.612835
0.714938
0.5922
0.542441
0.661144
0.769843
0.547896
0.531089
0.562082
0.542304
0.537312
0.55329
0.523282
0.556348
0.51087
0.497623
0.560491
0.494202
0.491899
0.608733
0.978257
0.523178
0.522642
0.536236
0.574878
0.640549
0.531789
0.521107
0.497855
0.530331
0.484002
0.533264
0.475271
0.464801
0.561558
0.76747
0.497485
0.507359
0.468014
0.525442
0.592369
0.90943
0.482994
0.463381
0.457302
0.508328
0.488161
0.477171
0.480764
0.463283
0.483425
0.449377
0.486637
0.442202
0.562945
0.508445
0.728704
0.430607
0.427445
0.479476
0.441538
0.454281
0.451314
0.428499
0.464183
0.416084
0.467348
0.697726
0.986005
0.448203
0.573656
0.937926
0.45545
0.431416
0.428386
0.405784
0.460403
0.421332
0.425705
0.432948
0.412786
0.434268
0.399136
0.448578
0.568831
0.815065
0.440289
0.477582
0.602867
0.43373
0.433729
0.3896
0.376584
0.371782
0.428402
0.38843
0.398788
0.398639
0.383141
0.401545
0.369201
0.404151
0.363755
0.546217
0.389597
0.401686
0.357607
0.411187
0.344487
0.337538
0.417917
0.751574
0.410107
0.482747
0.871495
0.43588
0.40439
0.430077
0.422743
0.700747
0.386665
0.359869
0.337129
0.326217
0.407017
0.407069
0.42278
0.579123
0.34254
0.384847
0.407356
0.391679
0.435737
0.351019
0.35596
0.322305
0.370985
0.314002
0.479895
0.343986
0.354363
0.302199
0.369394
0.301142
0.310734
0.377253
0.585611
0.332892
0.308008
0.370752
0.292713
0.385305
0.491652
0.295138
0.346634
0.280848
0.287183
0.398799
0.710368
0.328235
0.287988
0.351945
0.423358
0.673544
0.313927
0.323613
0.463904
0.322644
0.294239
0.274179
0.28196
0.523212
0.578032
0.300172
0.337644
0.406352
0.309252
0.4943
0.297551
0.306502
0.410438
0.313414
0.271025
0.366897
0.354499
0.269882
0.346524
0.35362
0.316762
0.542679
0.308441
0.254462
0.262148
0.375799
0.616977
0.296554
0.283119
0.391877
0.257098
0.410923
0.277299
0.384263
0.303667
0.24663
0.3635
0.469982
0.271265
0.293608
0.351398
0.27363
0.274114
0.444527
0.260087
0.303532
0.383317
0.257309
0.279655
0.260612
0.388282
0.237293
0.238851
0.356938
0.615678
0.282611
0.238686
0.296255
0.2335
0.329015
0.311018
0.239643
0.293464
0.323286
0.272167
0.373929
0.245054
0.348117
0.231898
0.241704
0.281427
0.328927
0.24132
0.269845
0.316125
0.246779
0.254062
0.27755
0.233535
0.268188
0.21926
0.218137
0.217015
0.215893
0.218026
0.280069
0.629167
0.257312
0.255766
0.246386
0.2237
0.259122
0.213413
0.26686
0.209336
0.208218
0.2071
0.205983
0.204866
0.204955
0.271494
0.342152
0.306346
0.46561
0.236639
0.413274
0.213459
0.2128
0.204297
0.203564
0.275658
0.335822
0.239067
0.354742
0.213497
0.248175
0.201567
0.200447
0.199328
0.19821
0.197091
0.197269
0.24913
0.279449
0.255465
0.334553
0.236438
0.229784
0.200876
0.240869
0.194941
0.193823
0.192705
0.191588
0.190471
0.191758
0.232066
0.269639
0.192618
0.221574
0.206814
0.199077
0.223562
0.187668
0.229007
0.182531
0.181416
0.1803
0.179186
0.178071
0.176957
0.175844
0.174731
0.175326
0.193548
0.233565
0.381893
0.866794
0.327311
0.198586
0.252534
0.187988
0.185099
0.176224
0.175112
0.176114
0.204367
0.20342
0.195458
0.197877
0.181865
0.203285
0.173418
0.207172
0.170799
0.169687
0.170955
0.174982
0.16736
0.166248
0.165136
0.164025
0.162914
0.161804
0.160694
0.15966
0.166672
0.16235
0.451499
0.826715
0.268448
0.200676
0.275214
0.275067
0.369502
0.177504
0.272921
0.195899
0.212505
0.162477
0.160715
0.159601
0.158488
0.157375
0.156263
0.155151
0.154039
0.152928
0.151818
0.150708
0.152244
0.181202
0.16659
0.158511
0.181858
0.150051
0.189364
0.332695
0.733422
0.175431
0.175639
0.289897
0.218367
0.373566
0.169431
0.156615
0.154517
0.153406
0.152295
0.151184
0.150073
0.148963
0.147854
0.147287
0.159568
0.166577
0.147883
0.149098
0.144828
0.143718
0.142609
0.1415
0.140392
0.139284
0.138176
0.137069
0.135962
0.134856
0.13375
0.132645
0.13154
0.131801
0.188308
0.31764
0.167889
0.189434
0.246037
0.522055
0.150736
0.137424
0.134988
0.134302
0.132666
0.131558
0.130451
0.129345
0.128268
0.127944
0.125964
0.124858
0.123752
0.124173
0.123991
0.122883
0.125371
0.178595
0.301925
0.131456
0.154743
0.320681
1.03437
0.322889
0.214892
0.163117
0.270381
0.488411
0.130923
0.130245
0.259756
0.316698
0.132142
0.130001
0.128856
0.127746
0.126636
0.125526
0.124417
0.123308
0.122199
0.121091
0.119983
0.118876
0.117769
0.117924
0.121691
0.143879
0.24856
0.751738
0.192874
0.199817
0.426197
0.12123
0.117388
0.115395
0.114068
0.115987
0.124329
0.115094
0.113458
0.112353
0.111248
0.110166
0.109095
0.107991
0.107924
0.115905
0.132545
0.297957
1.06116
0.287902
0.166801
0.263006
0.139526
0.11781
0.11696
0.120841
0.110961
0.109855
0.10875
0.107645
0.106541
0.105438
0.104334
0.103231
0.102129
0.101027
0.0999249
0.0988235
0.101461
0.148139
0.13904
0.10524
0.101717
0.100613
0.0995091
0.0984054
0.0973022
0.0961993
0.0950969
0.0939948
0.0928931
0.0917919
0.090691
0.0895905
0.0884903
0.0873904
0.086291
0.0853428
0.149769
0.315281
0.870715
0.293091
0.134463
0.148485
0.21442
0.341331
0.101246
0.142763
0.173532
0.364231
0.0951822
0.0916036
0.0942991
0.122347
0.174241
0.187772
0.349336
0.098881
0.0944828
0.0931162
0.091914
0.0908091
0.0897045
0.0886006
0.0874971
0.0901872
0.110901
0.142264
0.205016
0.453784
0.134894
0.144889
0.289415
0.098547
0.0904541
0.0862507
0.085147
0.0840436
0.0829402
0.0818371
0.0807344
0.0796321
0.0785302
0.0774286
0.0763275
0.0777954
0.0820035
0.0855963
0.0746975
0.0735953
0.0725483
0.071449
0.0736051
0.15112
0.422516
0.108024
0.0870693
0.129498
0.194194
0.312026
0.0817599
0.0776269
0.0756797
0.0804102
0.0751286
0.105354
0.237878
0.0794447
0.0758239
0.0747187
0.0736139
0.0725094
0.0714054
0.0703017
0.0691984
0.0680956
0.0669927
0.0658901
0.0647879
0.0636861
0.0625847
0.0664976
0.125584
0.19779
0.0991593
0.086383
0.0824129
0.125184
0.0700967
0.0665049
0.0651798
0.0640751
0.0629707
0.0618667
0.0607631
0.0596599
0.0586242
0.143287
0.22614
0.101837
0.0874491
0.07266
0.204852
0.0879283
0.279206
0.0716491
0.0734035
0.0600209
0.0589161
0.0578116
0.0567075
0.0556038
0.0550103
0.13438
0.34239
0.0836409
0.112712
0.368155
0.0624628
0.0609653
0.134358
0.351582
0.0601091
0.0553259
0.0542781
0.0612352
0.0514881
0.0522005
0.120972
0.205988
0.0857417
0.0672112
0.086411
0.106126
0.0582341
0.0540682
0.0515085
0.0504057
0.0493031
0.0482002
0.0470966
0.0459934
0.0448905
0.0443978
0.149383
0.263851
0.103397
0.0544762
0.0495539
0.0484494
0.0473452
0.0462414
0.0473777
0.119489
0.237452
0.0533043
0.0911214
0.0527564
0.0889505
0.0493125
0.0455815
0.0436724
0.0425698
0.0414676
0.0403657
0.0392643
0.0381632
0.0370613
0.0359592
0.0348575
0.036802
0.16371
0.48971
0.126206
0.112689
0.228583
0.0626895
0.0396552
0.0386233
0.0414649
0.0412037
0.035472
0.033973
0.0348732
0.165448
0.660314
0.161591
0.0937334
0.212908
0.0439482
0.0366519
0.0352541
0.0339883
0.0334626
0.126479
0.277227
0.0573847
0.112441
0.14182
0.105463
0.148983
0.0921421
0.156148
0.0850408
0.0486416
0.0812572
0.0514019
0.0774744
0.054162
0.0736924
0.0569216
0.0699111
0.059681
0.0661329
0.06244
0.0623558
0.0651986
0.0585796
0.0679568
0.0548042
0.0707146
0.0510295
0.0735126
0.0516433
0.114572
0.08516
0.133507
0.0630176
0.15178
0.0535549
0.0713535
0.0497788
0.0741124
0.0460055
0.0768698
0.0422329
0.0796269
0.0387494
0.0836117
0.0336371
0.0863661
0.0306043
0.0923307
0.0283951
0.0248333
0.0227874
0.0216865
0.0205859
0.0224902
0.180229
0.579758
0.151312
0.0440539
0.0619721
0.0657747
0.178904
0.0625415
0.142279
0.0581402
0.0631291
0.0543698
0.0658774
0.0506001
0.0686254
0.0468312
0.0713731
0.0430631
0.0741205
0.0392958
0.0768675
0.0355293
0.0796142
0.0317637
0.0823605
0.0279989
0.0851059
0.0242349
0.0878434
0.0220545
0.0153387
0.189013
0.516911
0.130392
0.0354795
0.0917222
0.157296
0.0638338
0.0712947
0.0605296
0.0766375
0.0548973
0.0800356
0.0504425
0.0906389
0.0392456
0.0754777
0.038542
0.0750265
0.0347694
0.0777781
0.0309979
0.0805294
0.0272272
0.0832804
0.0234572
0.086031
0.0196886
0.088777
0.0159215
0.0915187
0.0144554
0.0108496
0.0133724
0.167233
0.1813
0.0706703
0.136685
0.044025
0.15428
0.0738334
0.158326
0.0560422
0.171659
0.0470706
0.175547
0.0347105
0.0905105
0.0290848
0.0939075
0.0252777
0.104578
0.0181875
0.0906624
0.0131381
0.0905671
0.0118443
0.00760593
0.0132149
0.182375
0.38222
0.104107
0.0303357
0.0844666
0.0194727
0.0941274
0.0119542
0.0207186
0.112936
0.25889
0.0605202
0.076547
0.172332
0.0504275
0.0785704
0.0282736
0.0773311
0.0275993
0.0770418
0.0238332
0.079786
0.0200679
0.0825224
0.0163076
0.0853259
0.0273223
0.0909381
0.0188873
0.0969925
0.0151943
0.0111869
0.176739
0.485277
0.0701706
0.0339748
0.0896955
0.0173224
0.107552
0.0135702
0.111379
0.277949
0.0468613
0.0508539
0.0525868
0.0470792
0.0553373
0.0433052
0.058083
0.0395392
0.0608283
0.0357744
0.0635733
0.0320104
0.0663179
0.0282472
0.0690622
0.0244847
0.0718057
0.020723
0.0745489
0.016962
0.0773129
0.0163081
0.0769944
0.0125487
0.0797364
0.00879018
0.0824781
0.00503243
0.0852195
0.0012755
0.087958
0.00184003
0.112277
0.133803
0.0260914
0.0687411
0.0735507
0.0241064
0.0701587
0.0203392
0.0729066
0.0165728
0.0756541
0.0128071
0.0784013
0.00904226
0.0811481
0.00527808
0.0838945
0.00151469
0.0866394
0
113.445
93.884
76.1033
61.297
54.3627
48.2629
42.1585
37.177
33.7502
30.3555
27.3918
25.3662
24.0686
22.9756
22.1523
21.4901
20.7448
19.9936
19.4307
18.7985
18.0947
17.5031
17.0533
16.7012
16.2218
15.8712
15.3808
15.1264
14.8062
14.5108
14.3394
14.0161
13.844
13.569
13.4512
13.2866
13.0624
12.9316
12.7159
12.5756
12.4157
12.2896
12.2081
12.0575
11.9471
11.8391
11.7282
11.5988
11.5339
11.3868
11.286
11.1607
11.0821
10.9787
11.0244
11.0087
10.761
10.6057
10.5126
10.4725
10.4932
10.3829
10.2425
10.1129
10.0188
10.0326
9.87466
9.79289
9.70499
9.67673
9.59922
9.57683
9.44009
9.32647
9.23861
9.14665
9.08246
8.99936
8.92465
8.90343
8.88768
8.78749
8.83538
8.69143
8.57218
8.49463
8.48593
8.58868
8.3742
8.30417
8.25333
8.20917
8.16725
8.05371
8.05618
8.04023
7.99687
7.99678
7.85875
7.76977
7.70791
7.73439
7.60547
7.65982
7.67321
7.51834
7.41826
7.35488
7.32505
7.31068
7.25151
7.19559
7.29674
7.10714
7.04603
6.96396
6.92687
6.98043
6.8836
6.80945
6.77596
6.70348
6.65914
6.70235
6.62318
6.62975
6.59126
6.48975
6.46409
6.46248
6.39522
6.34416
6.29021
6.30252
6.25178
6.17371
6.13698
6.12788
6.0935
6.07988
6.03882
5.99277
5.97969
5.94853
5.86861
5.79388
5.79975
5.83968
5.72267
5.70904
5.65433
5.60918
5.60845
5.55585
5.50306
5.45152
5.41158
5.43559
5.42852
5.36241
5.31092
5.25704
5.25575
5.22049
5.17939
5.12283
5.1208
5.13662
5.10294
5.02947
5.00945
4.97471
4.93032
4.88625
4.90372
4.88965
4.85014
4.78144
4.72655
4.73466
4.7396
4.73927
4.61951
4.5915
4.60595
4.5815
4.52614
4.47351
4.44144
4.45714
4.41744
4.40502
4.36392
4.38729
4.29387
4.25806
4.16851
4.11405
4.11308
4.03566
3.97138
3.94701
3.98923
3.85738
3.8069
3.83245
3.90468
3.84065
3.75363
3.72327
3.71887
3.7301
3.68045
3.64234
3.62027
3.66838
3.62676
3.54558
3.54025
3.52283
3.49458
3.45762
3.53384
3.52718
3.52696
3.45865
3.37374
3.35833
3.43598
3.35178
3.41259
3.2995
3.28623
3.36426
3.28155
3.2592
3.24844
3.20963
3.17411
3.16787
3.16635
3.16203
3.14677
3.14428
3.13267
3.09956
3.0931
3.09378
3.08725
3.07242
3.1188
3.14407
3.17398
3.08679
3.03975
3.00431
2.98592
2.98779
2.97738
2.9836
2.96182
2.9377
2.90547
2.89385
2.8876
2.92237
2.92523
2.87949
2.85354
2.82892
2.82252
2.83607
2.80645
2.80116
2.78101
2.77028
2.76657
2.74104
2.73514
2.75921
2.81782
2.78226
2.70865
2.72028
2.72607
2.66708
2.65028
2.64868
2.62207
2.61902
2.63268
2.60227
2.60033
2.60307
2.61456
2.55564
2.5528
2.52902
2.57661
2.61529
2.53385
2.49719
2.49572
2.47409
2.44637
2.44278
2.48887
2.45441
2.47386
2.4293
2.42215
2.39797
2.43103
2.4205
2.37331
2.3632
2.34825
2.33696
2.32687
2.33717
2.31101
2.28427
2.28412
2.35349
2.33194
2.30557
2.24607
2.22478
2.19919
2.20612
2.19939
2.17699
2.1551
2.21592
2.24783
2.14524
2.12302
2.16658
2.1788
2.12446
2.0872
2.07044
2.06575
2.04196
2.04175
2.01999
2.02229
2.06303
2.00735
1.99596
1.97345
1.96531
1.96441
2.00784
2.03386
2.01576
1.98352
1.93107
1.90605
1.90089
1.87316
1.89032
1.86578
1.82835
1.84717
1.84247
1.81056
1.81049
1.85001
1.85476
1.82894
1.86481
1.77718
1.76555
1.74783
1.7342
1.72275
1.72255
1.72683
1.72464
1.7246
1.69882
1.6802
1.65954
1.67251
1.66383
1.63827
1.62484
1.62457
1.60962
1.72688
1.69649
1.61762
1.60892
1.58729
1.65513
1.5834
1.5579
1.56956
1.59388
1.54362
1.53215
1.51856
1.50434
1.49259
1.5046
1.5409
1.53972
1.57312
1.5018
1.46658
1.44147
1.45891
1.5671
1.44685
1.44428
1.42639
1.40954
1.42293
1.39251
1.38163
1.3734
1.35062
1.37209
1.39206
1.39413
1.35637
1.32294
1.32612
1.41845
1.33536
1.31793
1.30029
1.29971
1.34048
1.36621
1.31215
1.27039
1.2783
1.30179
1.26108
1.24344
1.23778
1.24819
1.2267
1.20747
1.2095
1.23784
1.20612
1.19127
1.21032
1.33361
1.20443
1.17972
1.16199
1.18567
1.19506
1.25585
1.15442
1.12544
1.12113
1.21791
1.13996
1.1563
1.14618
1.15755
1.12146
1.1343
1.12193
1.21184
1.10663
1.12923
1.21888
1.0784
1.07321
1.13884
1.08929
1.08754
1.09218
1.11457
1.06346
1.04528
1.04233
1.05056
1.11025
1.16359
1.04637
1.03918
1.03344
1.03108
1.04389
1.04342
1.16206
1.03291
1.03428
1.03165
1.01659
1.01585
1.04824
1.01379
1.01349
1.01388
1.14356
1.04286
1.0459
1.02309
1.04786
1.10156
1.008
1.00227
1.00034
0.994815
0.989201
0.983473
0.983767
1.06725
1.08789
1.00228
0.992102
0.983537
0.985758
0.981592
0.972892
1.01668
1.06905
0.987813
0.97743
1.00056
0.982315
0.984726
0.972017
0.970874
0.972674
0.973932
0.98089
0.975567
0.970596
0.949684
0.942406
0.938609
0.944639
0.945176
0.9757
0.936117
0.927696
0.93504
0.92046
0.920525
0.923531
0.914739
1.02614
1.01319
0.937354
0.918386
0.912277
0.907207
0.901372
0.895655
0.894898
0.895671
0.895614
0.973696
0.90745
0.889743
0.884003
0.882459
1.00607
0.994008
0.938607
0.996342
0.970239
0.993009
0.906605
0.881485
0.884492
0.884183
0.876909
0.870873
0.867815
0.918899
0.966684
0.874889
0.864934
0.86105
0.855361
0.84984
0.846195
0.903215
0.921338
0.860788
0.85121
0.849754
0.885731
0.842447
0.836038
0.830826
0.835497
0.827463
0.828787
0.830691
0.90373
0.82828
0.884466
0.905885
0.836419
0.818366
0.812505
0.808789
0.807121
0.808066
0.879586
0.900381
0.811937
0.80366
0.797694
0.794803
0.858002
0.797095
0.793127
0.854125
0.895028
0.808687
0.800465
0.781778
0.778653
0.884563
0.85221
0.797548
0.833748
0.787778
0.77229
0.770814
0.772511
0.821382
0.775424
0.759015
0.755749
0.758704
0.854494
0.838946
0.771471
0.761383
0.763215
0.762145
0.751239
0.81935
0.856394
0.767527
0.753389
0.746994
0.740943
0.736064
0.735678
0.798598
0.743758
0.730972
0.814139
0.82487
0.732273
0.781184
0.750712
0.780987
0.722087
0.721625
0.79873
0.797139
0.727431
0.769616
0.718763
0.712484
0.762782
0.707268
0.701576
0.696376
0.697327
0.74298
0.710963
0.734831
0.735757
0.739545
0.721934
0.735725
0.728513
0.722179
0.719243
0.703574
0.725158
0.688863
0.718708
0.68367
0.676796
0.672269
0.67683
0.81089
0.696453
0.710021
0.681802
0.675243
0.673533
0.702626
0.685545
0.688811
0.69095
0.671862
0.680211
0.673826
0.686093
0.662312
0.649543
0.64376
0.658506
0.72121
0.669289
0.657707
0.65162
0.645568
0.642466
0.660234
0.670002
0.646962
0.673555
0.647992
0.62884
0.626084
0.654206
0.632403
0.658221
0.625509
0.666054
0.625877
0.612921
0.610312
0.64208
0.627517
0.635251
0.613787
0.636765
0.600391
0.633838
0.596822
0.590968
0.5889
0.611183
0.613552
0.664831
0.604856
0.630558
0.593645
0.586107
0.586768
0.59941
0.607575
0.607518
0.613485
0.599792
0.577409
0.575239
0.611283
0.590366
0.598737
0.576434
0.560123
0.557505
0.556518
0.550875
0.545273
0.584816
0.577205
0.594621
0.587087
0.629578
0.564927
0.54501
0.547495
0.577741
0.551768
0.572116
0.558712
0.572197
0.553715
0.541105
0.538855
0.564773
0.567265
0.618705
0.546984
0.53256
0.546274
0.543748
0.52998
0.542138
0.540501
0.523911
0.517273
0.522918
0.513756
0.543043
0.590593
0.532883
0.517263
0.506052
0.499376
0.498142
0.521662
0.577405
0.507883
0.489747
0.484889
0.483113
0.484226
0.47269
0.469861
0.522656
0.567698
0.483464
0.477498
0.470704
0.463835
0.457582
0.453413
0.536246
0.525585
0.463566
0.449895
0.444062
0.440166
0.433732
0.436611
0.44045
0.488684
0.512696
0.43784
0.430141
0.423885
0.417586
0.417037
0.539184
0.511762
0.428254
0.422592
0.413317
0.474351
0.449125
0.450395
0.450153
0.448587
0.442212
0.435171
0.402249
0.395947
0.390841
0.445243
0.410943
0.432249
0.38288
0.37821
0.380928
0.371514
0.377216
0.491832
0.454019
0.395423
0.383446
0.368063
0.361886
0.355525
0.354164
0.440692
0.456915
0.392206
0.402086
0.361241
0.344458
0.346949
0.418859
0.338587
0.330516
0.332729
0.390929
0.327033
0.322093
0.409941
0.422843
0.358466
0.361808
0.342016
0.368398
0.325983
0.358694
0.326288
0.374811
0.318304
0.309723
0.303999
0.312652
0.448163
0.338644
0.332369
0.317235
0.320692
0.306999
0.32545
0.304268
0.332051
0.2935
0.283627
0.278584
0.27528
0.340328
0.292116
0.272048
0.269596
0.263284
0.35583
0.344221
0.272707
0.263267
0.256708
0.250642
0.244366
0.307202
0.248211
0.291563
0.251242
0.285482
0.251276
0.289389
0.255966
0.277898
0.243338
0.225971
0.220012
0.22504
0.21714
0.217062
0.287348
0.310975
0.324403
0.260099
0.234688
0.242411
0.22352
0.2448
0.224673
0.247231
0.31767
0.229389
0.233371
0.223806
0.217987
0.218479
0.210705
0.202339
0.198545
0.224071
0.315732
0.213343
0.196738
0.187034
0.185552
0.210738
0.228971
0.296937
0.189291
0.180137
0.174706
0.169591
0.163228
0.161985
0.234671
0.2918
0.192616
0.25788
0.175691
0.162554
0.153577
0.146145
0.178716
0.15357
0.181715
0.164439
0.295816
0.147729
0.140739
0.132771
0.125956
0.121797
0.167932
0.125954
0.15522
0.133499
0.307154
0.145587
0.173289
0.131535
0.162564
0.128519
0.176069
0.114119
0.154526
0.117663
0.250196
0.137066
0.107797
0.0987501
0.0963136
0.210916
0.211289
0.101881
0.0926889
0.0862965
0.0826473
0.214894
0.188995
0.158709
0.166848
0.0939617
0.091063
0.164391
0.160939
0.0834145
0.0719003
0.176298
0.155004
0.063404
0.0587864
0.178209
0.157271
0.146751
0.148248
0.0635468
0.152534
0.132752
0.0504128
0.16521
0.155848
0.0473747
0.0417516
0.155171
0.127339
0.0457649
0.113149
0.0462528
0.103706
0.0454523
0.0984431
0.041656
0.0933004
0.0340869
0.0869062
0.0541632
0.222701
0.0358657
0.0860351
0.0349706
0.137046
0.0201631
0.0845277
0.0559323
0.135925
0.10169
0.110838
0.0364381
0.0992211
0.116984
0.0147782
0.0215215
0.136637
0.127321
0.0135589
0.0111463
0.00873346
0.00705689
0.0198434
0.128607
0.137246
0.0232985
0.00580898
0.0190338
0.00745335
0.0150915
0.0094008
0.0108231
0.0110459
0.00688956
0.0130146
0.00258845
0.0181721
0.101204
0.00108947
0.0146779
0.00305558
0.0103645
0.00502185
0.00605076
0.00699078
0.00173647
0.0104651
0.117336
0.074309
0.140591
0.00312309
0.0136746
0.103185
0
