582.08
429.549
304.073
255.078
260.616
220.586
187.547
192.959
153.395
171.124
147.32
132.808
142.354
124.847
160.138
103.273
135.305
101.94
128.331
99.3618
129.498
80.787
107.108
75.3556
99.3509
79.3598
90.803
83.7433
85.9114
81.5941
92.1138
74.5012
72.9524
89.032
62.4951
73.4549
84.1791
75.1733
76.1549
75.4228
68.4952
79.3442
82.8728
54.1928
76.6541
69.298
49.0686
84.7571
40.8498
84.515
37.3705
111.422
41.1993
91.8745
53.1362
80.5095
46.2315
66.5392
48.8371
67.5072
34.3508
103.444
41.4984
72.8422
54.2429
74.1848
75.754
77.1053
72.097
77.0679
65.9678
73.227
64.161
73.0661
59.8693
80.9907
61.8396
83.8061
54.7633
76.3806
62.2387
84.4177
59.5094
66.4854
58.469
63.2873
73.6232
55.0046
57.8393
77.9235
51.3673
75.8991
76.573
80.957
74.0475
63.0081
83.2153
64.0079
70.0312
68.8418
65.2011
70.9815
55.3913
67.5336
52.6396
64.2162
47.4067
64.6717
55.7587
55.8404
57.1822
59.109
57.8114
57.0078
58.9564
57.6443
47.2585
63.7936
47.0121
66.9857
52.6655
57.1457
60.8662
58.8006
64.6106
57.0261
68.8755
49.6946
67.322
51.3751
65.039
49.7235
62.0721
53.9906
60.6963
51.7887
74.205
46.5191
79.8368
40.9806
78.6441
37.1375
69.3489
43.4132
71.9413
35.2532
69.9566
35.0115
65.9852
34.8019
63.47
35.3996
64.8945
36.0041
64.1589
35.3618
65.8028
32.0376
63.2118
35.781
62.4829
32.4048
62.9487
37.9899
59.8266
35.5779
55.7704
35.0222
59.9812
32.1893
57.3046
30.5956
55.5107
32.1445
55.3615
32.9759
54.3267
34.0127
53.653
34.5104
55.0133
36.5739
56.2717
33.8709
57.4121
40.0144
71.1688
40.3517
75.4941
30.693
89.2973
31.5195
67.396
36.38
58.1644
40.987
57.0218
31.5116
83.7001
32.4608
78.8328
30.9441
84.7268
28.5438
75.0567
36.4917
64.2915
45.0319
57.922
39.4398
63.4736
44.2534
59.618
48.3734
62.7113
42.2709
61.8937
46.1825
61.5464
46.3535
65.7293
43.1243
56.8679
48.2036
59.1152
43.397
53.8082
47.4908
54.1696
53.0489
47.7948
55.6362
46.4715
62.0403
43.2384
56.2753
54.9587
50.4983
49.5985
52.8562
47.6441
51.014
46.5607
54.4749
46.3061
51.7526
47.8741
52.0969
46.7788
56.3236
41.6419
49.0937
50.6401
52.0993
45.4388
54.1238
48.5216
53.7634
47.6868
50.5623
45.1332
54.725
43.9405
54.7074
49.4932
48.6425
48.5543
46.4554
53.3902
48.643
54.2641
47.9211
43.209
58.9458
43.0854
53.6946
49.0012
48.8628
44.0658
48.6946
46.7839
42.5545
57.4821
45.755
67.8519
45.1006
59.2794
33.6422
73.5311
32.9513
50.6075
43.6627
41.06
41.184
47.5209
39.7592
43.1889
37.0362
51.5092
35.2326
59.789
41.337
57.5017
40.6699
32.179
61.4062
33.7674
62.0602
32.7646
41.0636
39.1077
39.3374
43.4424
46.0292
47.8477
46.6791
51.4356
35.1097
51.7581
34.2538
70.7681
35.5651
58.5772
40.2861
48.3956
49.2082
45.9989
47.7823
46.0045
47.6771
50.806
47.8902
47.0217
45.703
49.8633
38.55
54.2222
34.0079
59.2778
32.5669
57.4968
33.1371
58.5034
31.3459
53.1177
33.3994
54.432
32.8824
53.7391
30.316
62.308
33.6087
61.3238
37.9344
58.4126
37.6177
59.2991
29.5862
67.12
27.9147
44.0239
30.3371
50.9209
38.3308
56.1894
35.3604
51.9509
34.624
43.9949
42.3381
48.4028
37.2612
37.9602
44.5968
37.3425
43.6541
39.0872
42.8162
46.9085
41.2602
47.6337
38.9454
48.5954
42.596
47.1892
38.8285
45.8945
36.4199
50.4928
36.8407
52.772
36.5479
48.3333
35.2486
47.4473
37.9817
46.6514
38.0714
45.5567
37.3521
49.5046
36.6866
50.2509
35.7743
53.6388
34.9646
50.3465
35.4483
54.0793
36.0998
55.4791
31.9112
57.8599
30.2871
58.4616
31.8693
55.2934
33.1086
47.2099
31.3157
62.8307
31.9582
57.4583
30.4398
66.5191
26.9981
68.8499
36.6173
58.2545
33.791
63.3556
36.7686
53.1967
34.6754
55.3206
32.5968
53.1802
32.0798
52.863
28.5113
40.0537
28.6183
55.6971
32.9213
56.8117
37.2234
45.0411
38.0693
44.5307
29.9755
51.4532
34.8597
56.3312
33.2484
51.0925
38.6938
46.2056
39.9361
46.2611
43.231
43.9474
44.6816
42.0605
45.4851
40.953
48.5075
39.8443
45.0558
38.4441
41.9695
36.7793
52.4667
34.8066
52.6335
34.3135
54.3169
34.9184
53.7951
33.5026
59.1732
29.4887
64.5985
29.2177
61.9362
29.4109
61.2941
29.1235
55.0992
32.0149
51.5219
32.0852
46.6664
35.1769
47.0892
38.879
44.1823
35.1549
55.8357
30.6164
52.1395
37.75
48.6973
32.9896
55.1168
39.4894
48.6712
42.239
48.1767
42.9046
39.0311
48.7182
39.1899
51.3908
42.7836
51.0577
36.2978
55.0276
39.424
53.881
37.17
55.7422
35.6846
55.0306
37.5199
52.7628
39.487
50.599
41.1984
48.5816
39.5598
49.4563
35.7229
49.2854
32.4925
46.7439
29.0727
49.0782
31.3071
43.7975
33.2247
41.5217
40.0248
37.5913
34.5997
39.931
27.4652
46.0835
24.6378
48.0869
36.0783
47.3739
34.8698
48.5853
34.4305
45.7896
28.923
56.618
26.7067
56.6677
28.3034
44.6225
35.2427
46.306
32.8733
44.6715
29.9645
39.6537
24.5458
51.0677
26.2965
47.0438
34.5479
47.6331
34.5615
44.937
30.8886
47.7441
25.8705
44.9136
26.2015
42.6359
24.3484
46.7545
26.6494
41.9349
31.6494
31.8925
44.1963
35.9912
37.6605
31.8721
34.6125
36.7367
48.8804
35.4237
42.6429
33.3628
47.4774
31.9413
47.0891
34.1463
45.8436
35.6507
42.5065
34.2583
45.9509
35.9023
41.4777
35.6202
44.1043
33.6286
45.2995
34.3824
42.0185
36.483
42.9723
36.9983
35.455
37.3563
40.0438
39.249
43.2896
35.6483
38.896
38.2738
39.272
34.4476
37.5341
36.5334
43.9706
32.0459
45.0975
32.4249
42.8031
34.3821
45.207
34.2917
42.8855
33.4376
43.5985
31.5855
43.2005
32.2871
44.0347
32.1672
40.6119
31.7978
39.1048
30.0766
48.5062
27.7682
48.4422
27.3608
54.321
22.6656
59.6557
23.6944
55.0586
25.8428
50.4131
24.2376
57.5774
25.3723
52.9644
34.069
43.6134
32.8101
46.7547
30.258
49.0854
31.0133
50.0649
31.0778
48.7288
32.2597
45.8752
32.8157
44.4053
30.4978
48.481
29.685
49.874
26.7794
53.5051
25.5102
51.8804
25.5619
55.215
24.7519
54.0522
24.7968
48.213
24.9303
48.2878
27.896
48.4561
28.7194
47.1953
29.9306
48.1172
31.6591
40.6227
33.1331
40.6855
35.4242
37.8349
39.2046
36.4917
37.211
40.2466
33.8887
36.9921
39.6867
34.9748
32.5638
29.4518
38.4186
28.2109
39.7033
27.6288
46.3771
29.8981
38.1983
30.7615
37.6482
25.9336
28.3459
18.1498
59.5635
22.4539
58.0398
22.4569
58.4069
20.868
50.6244
27.6819
47.8681
29.4873
43.587
29.4227
39.2815
30.1595
40.035
28.8517
37.382
31.4064
36.4189
38.1403
36.4964
38.2912
34.4264
43.9439
31.8467
41.7722
31.3305
38.346
38.3794
36.7464
33.7921
35.7559
34.0586
36.6523
33.9098
37.1264
33.2296
35.0554
35.3646
36.1224
36.3992
28.552
26.027
34.4423
26.8711
36.3587
18.0664
60.9473
18.609
47.0822
15.2432
24.0397
26.3822
38.8905
24.2396
53.0958
25.6206
56.1766
28.7012
41.2685
31.847
39.6382
30.9644
39.1923
31.8235
42.0163
36.4028
41.7621
32.2347
38.4476
36.05
34.7285
40.6307
25.4305
50.876
21.9472
52.8018
22.0788
50.9751
29.6772
52.6041
24.5886
50.8134
21.3121
48.9463
19.342
46.6293
29.0524
43.6437
29.7863
40.7538
30.7235
41.4126
31.3848
41.9084
26.5899
45.5655
26.5112
47.3787
26.6694
44.6123
26.5409
42.2007
32.4708
32.3961
35.5598
32.4982
32.901
33.207
32.2987
32.8229
33.1419
32.6614
34.707
30.4891
34.9095
28.9965
38.4141
27.8002
41.9377
29.8163
37.589
29.6094
37.0453
33.1503
32.291
35.7921
31.4088
39.0246
30.5637
39.978
32.2741
38.6705
30.9124
39.9771
29.1071
41.0145
27.8066
35.762
33.1379
36.7344
26.1618
39.0409
32.4173
38.5595
34.4394
37.59
33.0481
37.8646
32.3928
38.2217
31.0616
39.2567
30.5866
39.0594
32.102
38.2386
32.2137
37.5322
30.2133
40.7712
28.5664
40.4114
32.1371
39.3693
30.7344
40.7143
29.0443
39.6751
34.3545
38.668
33.2491
38.4541
32.2348
37.2413
31.9004
34.5063
32.5207
35.217
29.9936
34.9611
28.9618
36.457
40.6891
33.0533
37.3375
30.6252
39.6597
35.2301
36.5736
35.8399
33.0954
35.0231
29.1217
35.4982
28.3066
37.7079
29.5584
36.241
33.7131
29.1877
36.3616
37.8511
24.8149
35.1967
33.3838
34.8192
30.2413
33.1585
29.5945
33.1299
31.2247
29.0529
35.6267
29.9251
32.9894
30.2321
36.3033
30.083
38.4028
28.3811
36.1521
34.8529
35.7053
35.2876
38.2819
32.2651
34.7535
37.0829
34.5945
35.4629
37.012
33.5124
30.7721
41.7004
26.6286
39.2285
23.9252
38.4218
29.9645
39.9177
32.6485
41.9602
33.7386
38.6168
31.4392
42.1976
29.6036
39.2955
31.366
36.5185
32.6074
35.0476
31.6686
34.0268
32.5641
35.6486
31.3813
34.0848
34.9384
34.0226
32.4971
33.7726
29.8117
37.1253
35.0316
28.3769
33.6688
33.8505
19.3356
38.8744
33.3923
28.4403
35.416
31.4493
31.5281
34.2247
30.1797
32.5847
25.328
37.0245
28.0813
29.5085
33.5895
27.5747
32.0839
22.3019
29.6087
28.5822
34.8512
30.5687
33.589
28.6113
37.2067
28.2743
36.183
23.4256
21.4362
33.365
16.2099
48.3067
14.3455
45.1284
20.1506
45.5917
24.3809
47.3743
20.9911
46.6711
26.5778
44.5938
26.5111
39.3764
29.1987
35.0688
26.2824
39.7471
23.3657
42.4832
25.1405
44.2654
22.7681
25.8985
26.5948
32.6249
27.866
35.9584
22.68
33.1832
30.3567
34.6844
31.3145
31.2841
27.4329
35.6546
26.5049
34.9456
23.6919
30.0693
25.9301
28.5382
39.572
28.8816
58.338
29.9481
57.2675
27.0702
53.5381
25.3716
56.3724
21.7677
47.0251
29.3997
48.4917
23.7302
43.8349
23.1449
34.1884
33.2294
31.5113
38.403
34.3276
33.5081
33.9772
27.4577
34.4026
35.7126
37.0845
25.637
45.0567
22.5414
51.2041
20.2805
53.3397
18.5986
45.8189
21.3343
46.1193
18.6147
50.1292
14.7758
24.8066
22.8007
40.3513
26.3383
38.4397
22.8343
36.7594
22.1457
36.3232
29.7297
40.101
23.7793
38.6466
27.4412
36.0957
25.7583
41.6918
21.6372
39.0338
27.8628
36.4119
23.3349
36.4035
25.5813
32.7404
25.9217
36.1988
27.4254
26.8379
36.3688
22.5568
39.0329
22.7415
33.4345
28.2438
35.0821
26.1233
27.3233
27.4734
25.7488
30.7162
23.7955
30.8754
24.5143
26.2195
20.9855
23.8195
22.3993
28.6664
27.5899
32.2976
18.6131
28.517
17.475
39.7217
18.5097
35.3348
16.1539
28.4848
22.1354
45.3649
18.386
38.8185
30.0824
34.8087
27.4655
32.236
25.411
31.4668
24.8158
26.0373
23.0181
29.5164
25.6199
27.2188
23.4084
32.8149
21.6229
27.1496
29.9083
24.2504
33.5999
23.1446
42.949
25.7392
34.9138
20.0157
39.8431
20.5494
44.0164
19.0606
44.5424
23.0985
38.3191
24.0229
35.0535
27.1264
32.9842
33.1693
29.0532
32.9549
26.293
32.7504
26.9585
31.541
24.7512
28.325
27.5474
33.6252
22.6514
29.0125
26.9956
23.5877
23.206
37.2503
24.7676
26.2723
41.3614
26.1581
45.3263
23.7669
38.1777
26.2175
37.1071
29.2755
26.8209
30.0131
27.9918
25.4575
23.6003
29.9453
23.3351
30.6249
23.5533
22.8636
26.2024
30.8345
21.6284
34.0291
18.4193
19.6493
24.8282
25.2257
30.1906
22.3402
29.9883
22.0851
25.0365
20.5056
26.996
20.1261
26.9096
24.2615
30.7077
22.7005
35.4535
21.585
30.3526
21.299
33.2889
21.402
32.6485
22.7635
29.759
24.6146
28.5208
23.0273
19.3242
35.7452
19.3049
41.6009
19.8625
17.9414
49.8034
14.5073
50.9133
11.9619
42.916
12.1224
33.9072
11.3092
27.9551
31.8898
23.2144
42.6367
22.9456
47.921
16.6601
43.6286
15.4962
37.4902
26.5481
34.5782
24.0629
38.8084
18.5184
43.2932
13.2359
46.6754
11.4817
46.5069
10.0728
49.8603
17.2024
24.9059
31.4074
31.1135
30.1922
31.4325
29.1109
33.2749
29.6622
36.3715
27.5251
36.2619
27.4716
36.4745
26.6123
37.4434
25.546
36.6053
25.2203
35.5128
25.0718
35.949
25.7898
34.4623
26.1022
35.2809
23.3561
39.0591
23.5247
36.6721
23.825
35.1157
21.645
36.5341
22.0188
33.3756
22.7072
35.7528
16.8446
37.7784
19.3894
29.0366
29.7425
37.2857
33.8312
37.9672
31.2288
36.6614
30.9909
33.6456
35.7634
26.199
42.9263
23.7568
45.9251
22.3131
41.6436
22.3257
41.2357
23.5517
41.3009
19.7027
35.0738
24.1729
34.0947
24.9568
33.4277
23.3512
28.7361
27.8178
29.1174
22.6034
28.9088
17.1433
29.477
25.5711
32.4361
17.9436
38.6136
17.446
33.3745
21.1769
48.6879
19.4121
51.7892
24.5422
36.2008
22.9104
39.9842
22.3889
34.7964
29.5679
23.8749
25.08
21.4308
34.5978
25.476
34.8995
27.3203
32.4784
25.1771
31.7212
31.1292
35.1006
29.919
33.0989
24.4541
35.8639
20.9684
33.7701
20.5891
40.8269
16.1103
46.5433
19.8925
28.4868
20.7766
29.5723
26.051
33.4016
21.0216
33.8109
20.2388
32.22
19.151
36.3793
18.7985
37.3174
18.2105
39.845
22.6429
40.7364
25.0051
37.8257
21.8552
40.0019
18.1838
38.735
21.767
34.8117
19.0102
34.2835
19.7067
33.7995
26.6216
35.0619
26.1481
33.8522
23.6316
40.538
22.7222
40.9358
21.4851
40.8141
22.4025
39.0355
30.2345
39.7702
32.7711
40.7991
24.881
23.3388
34.1302
29.7888
33.525
48.5377
35.6478
39.6788
35.1824
42.9854
32.0901
42.3693
26.6938
53.2789
26.475
50.885
29.0447
45.5117
21.753
46.1972
22.4093
52.594
18.9755
41.0044
26.8544
35.1286
26.3199
41.0105
26.7792
46.2886
21.2631
41.5756
17.8642
36.1754
17.8831
40.4552
18.7098
44.2738
25.0679
43.876
25.8588
39.0993
31.1925
34.1574
25.7312
31.3133
24.0436
39.4815
28.6595
38.0896
24.1343
42.1102
22.9575
43.2625
17.5188
40.8913
21.1955
45.5333
21.2853
48.2152
23.8031
46.2067
25.4999
43.0431
25.9101
41.0809
27.8425
39.7561
28.9616
39.0308
27.3123
38.0604
28.5658
39.8513
27.6527
39.3956
26.8583
38.9444
28.5045
37.4217
31.1679
36.5699
32.0403
35.4322
32.583
34.5569
34.5392
35.1375
34.7205
36.2856
30.6837
35.5511
32.8569
36.6499
33.6224
37.7879
31.5833
38.6432
32.0189
36.6396
30.8642
39.7682
30.2393
37.7202
31.8809
37.5397
29.3225
36.9398
30.8433
36.1982
31.8102
33.6113
31.4731
32.8267
34.4257
31.8808
31.7638
31.7318
30.136
30.5037
32.1325
30.971
31.0495
30.9096
30.5129
33.0534
29.3291
30.8214
30.0187
30.5745
26.0779
34.5044
25.5413
33.2218
26.4022
32.0838
25.2067
28.9035
24.9117
32.9338
23.4347
34.4121
20.9941
33.8372
26.0582
33.5098
26.5127
32.5638
28.299
32.601
27.8889
32.7268
33.9658
33.0364
26.3112
40.747
27.0859
37.0724
26.8548
33.5364
33.1289
31.5017
31.6784
31.3051
32.6407
30.1708
33.5053
33.0933
32.5099
29.8533
33.4228
29.1394
30.164
29.1713
31.076
26.4798
31.3522
26.5373
38.9919
23.7579
36.2413
30.7083
36.3869
29.1333
26.3329
29.4648
29.7534
35.1104
36.4708
25.3602
37.766
23.0263
31.1968
27.4139
31.4708
28.8336
32.1607
23.9547
28.9596
33.3391
24.25
37.6752
29.0649
20.3738
33.2047
29.2718
35.5145
31.036
33.7773
32.7017
32.5506
37.717
31.7218
36.747
18.2416
52.5616
15.4088
50.4475
13.2973
40.5307
32.0673
44.2123
29.6401
44.0655
26.9466
44.5282
27.5024
41.7369
21.753
41.3903
17.0025
49.782
19.7639
49.3911
20.0976
47.3731
19.1889
45.2336
21.9808
39.8418
26.7425
28.297
25.7841
35.1503
25.5269
36.4972
26.073
31.2991
16.7989
38.6141
18.5522
37.887
21.4983
38.8314
24.6824
30.0641
33.9211
23.8527
30.1818
25.4017
28.2188
23.4942
27.5052
25.786
24.4945
28.6407
35.6394
32.9389
36.9063
34.5606
36.8014
30.5065
39.1373
30.1954
36.2654
30.9463
36.2925
30.4425
35.0515
30.578
36.2918
29.6171
35.8596
29.8747
37.4273
30.7094
36.4869
30.2798
34.0573
31.8361
35.2642
30.7083
36.7711
28.3323
34.8375
32.1292
34.3796
29.8854
36.2425
29.6243
36.417
30.1024
34.9003
30.5595
35.7381
29.5158
34.5711
30.9997
37.8338
27.7924
38.2092
27.4362
37.0058
27.8427
36.7078
29.6145
36.081
30.5749
36.8389
29.5927
36.3404
28.6577
36.2254
26.9656
38.304
27.495
40.2769
25.2879
42.6451
24.3532
48.8609
22.4185
48.873
22.1741
48.4766
20.6611
53.4748
19.9425
51.907
21.1542
43.8108
25.0791
40.988
27.0426
44.2583
24.9439
35.6986
28.028
39.2829
26.8062
37.7386
25.3934
34.3321
26.3056
33.151
26.4711
33.52
26.7531
35.0245
24.9315
35.9028
25.0182
38.0368
26.5337
38.4698
27.7257
37.094
28.4215
36.7736
27.5782
34.6497
26.2845
35.4644
28.7807
36.2424
26.5375
34.8375
25.5304
36.9007
24.4086
44.1232
26.4934
44.3093
23.1888
44.234
22.9227
44.0329
23.6151
43.6641
23.1444
43.2465
23.1608
47.1982
23.634
50.6111
22.3245
44.1369
20.8033
53.2871
20.1023
49.1418
21.5874
55.7105
17.9383
40.3
17.1506
40.4112
20.1434
36.6532
17.8112
33.2541
19.6997
47.0708
21.9828
47.2009
25.8516
44.959
23.4634
45.9239
21.8602
39.7204
26.3362
41.5987
26.0791
39.1071
17.2709
48.9289
21.7664
49.3152
16.0675
49.5918
16.696
43.8392
11.6171
44.3461
11.4639
26.2245
27.6388
36.8139
25.0529
50.5323
16.7005
50.4081
14.3639
53.7389
13.2377
57.1892
15.3096
46.8997
19.7448
38.3806
16.2863
35.8013
31.962
29.9641
34.0219
27.3506
19.7601
31.306
25.9738
29.6929
23.9213
31.3999
30.511
39.4321
39.8379
35.0093
35.1818
35.6078
30.8269
32.0184
32.2859
30.9066
30.281
23.8447
32.8861
25.7781
27.7079
32.5778
30.8361
30.3183
31.6242
30.5266
28.507
32.7632
27.1819
36.6702
23.5366
38.897
22.2923
40.3774
23.2175
38.7142
24.0643
37.3373
23.7804
37.1657
24.0309
36.2679
24.4435
37.2748
23.4623
36.0454
24.3579
35.3152
22.54
35.4341
20.7417
37.0745
20.8793
33.352
23.463
32.4171
22.7206
31.9985
30.02
34.9853
37.183
30.6534
36.0734
28.8726
32.5065
28.6744
30.9698
27.7056
33.6039
27.0617
34.2331
25.3981
33.0752
18.8416
40.745
21.8495
30.3747
31.6035
24.2442
37.0503
21.6991
30.8157
24.489
29.6567
24.4818
29.6808
24.3264
19.1841
15.3265
23.3453
15.9403
27.279
18.5287
29.7148
27.5192
32.8185
26.555
31.8936
25.9089
31.8753
27.9211
30.7147
26.8055
30.6306
27.8692
30.2422
27.5931
28.0366
27.8204
28.5592
27.8798
27.6224
28.129
28.9221
27.0408
30.4375
25.377
31.0788
24.7429
30.879
25.5238
30.8695
26.0372
31.3225
25.7906
31.0147
26.2984
31.8081
25.656
32.2529
25.7929
33.7165
24.1248
35.3431
23.2301
37.2501
23.7601
36.8347
23.5245
35.4764
22.9535
37.0177
22.9328
35.6161
24.1344
34.3451
24.2789
35.7345
22.6544
36.9077
24.7361
36.8451
24.4972
36.0928
24.7524
34.5081
23.9201
34.6479
25.4706
35.3711
26.2277
36.2536
23.6879
34.6112
24.9516
35.4902
24.6818
36.9061
24.0728
34.4659
23.268
34.8122
24.3356
35.7935
26.7856
34.9158
25.4807
34.8585
25.0166
35.257
25.1341
34.2376
24.3898
37.3312
24.4101
36.2925
24.2594
35.1973
24.3244
35.7085
24.0029
36.6639
23.7248
37.1871
23.0844
39.663
21.9549
41.3355
21.5148
37.2864
21.6345
35.973
27.921
38.259
22.9043
32.6175
33.831
28.1698
34.396
30.9269
32.0133
23.339
34.3593
21.1938
35.1678
20.0632
37.9595
15.9548
40.7407
11.826
33.6728
13.1766
31.9463
16.1251
37.5217
22.8595
36.2374
22.4406
36.0614
22.1317
35.3596
21.881
33.3993
20.9031
33.4015
22.28
33.3956
23.9705
32.7909
24.2359
31.1146
26.592
33.733
22.6918
34.0298
22.1793
31.0687
24.2367
25.7876
24.3162
27.4183
27.8635
28.8298
26.0403
29.186
27.1195
28.8232
27.0535
26.3827
28.0219
24.8106
23.0534
24.0747
24.0463
26.8544
24.9658
29.2157
25.3797
27.6511
26.0115
27.9945
26.2808
28.3246
26.4371
27.5132
26.0279
26.7017
25.5787
27.8752
27.8669
26.3927
28.4825
26.5872
32.1607
25.6167
27.7009
26.344
26.8622
28.2748
28.6082
24.9124
32.3565
24.2308
36.082
25.8591
30.9051
24.9918
26.4853
22.8904
28.6037
16.5826
36.4997
16.7701
33.3445
20.0748
34.6339
20.3291
34.7601
19.7557
34.4745
19.7763
35.6317
18.8457
34.9419
19.6417
33.0077
19.9607
29.8112
22.1176
29.3424
22.0052
30.8456
20.9759
32.4339
21.0187
26.6472
22.0231
32.629
16.6299
54.3087
10.4126
43.9137
22.694
33.6021
20.1296
34.306
22.5981
34.5969
14.4824
40.9114
16.0865
43.6572
16.9882
34.7981
15.7237
40.8072
21.6501
39.6572
21.2427
38.3879
22.6994
37.0315
22.6151
35.4066
22.8223
33.8258
25.136
33.1308
23.9439
33.4582
23.307
32.2836
27.1445
32.0463
26.667
28.8498
33.9693
28.4298
33.5603
28.4633
32.9331
28.9889
26.5254
29.3822
25.1691
29.5202
24.7107
28.1083
24.7206
28.107
25.5739
29.1843
22.6407
31.0438
22.801
31.7837
23.1161
30.4835
24.1745
30.9728
25.5794
26.7794
30.1846
26.1856
28.7034
25.1242
28.6311
26.0733
29.7097
24.177
30.7742
24.9967
31.021
24.3509
29.2278
24.4342
31.573
24.6008
28.1178
24.3767
24.4959
25.9646
22.4533
28.9848
26.0818
29.4209
27.4652
28.9062
27.3378
30.9882
27.0719
30.6279
26.3871
31.9751
26.924
30.5164
25.8435
29.6199
24.4556
31.832
27.5985
28.7699
25.4326
29.2702
25.6124
28.7205
17.3293
46.3369
11.4015
68.8693
9.08424
47.8783
16.786
45.9104
10.9635
48.072
11.0117
50.7055
14.4495
45.2642
16.9086
38.5206
17.688
40.1268
17.0378
39.3441
16.7556
39.3923
16.9965
38.4477
17.3982
36.1698
19.4242
38.3262
19.1477
36.9235
18.2207
37.755
18.8384
38.8456
18.7716
37.8852
18.9837
37.5388
18.7375
37.6194
19.031
33.6234
19.7757
33.1398
20.9816
33.4488
21.6328
33.8017
19.5315
35.4093
17.8795
35.5706
18.8419
37.397
17.7815
36.4347
18.124
37.688
17.441
40.5482
16.7864
39.7877
16.8453
39.6253
16.9873
40.0782
15.0551
44.915
14.1089
43.9882
14.8717
46.0344
15.068
42.6977
15.3881
39.2608
16.8025
39.2616
16.4496
36.7883
17.8165
33.6591
20.8643
35.0405
19.2183
34.0675
20.3161
30.4062
22.3701
33.9327
21.3397
33.3578
20.4685
31.5936
22.4682
32.5782
21.3807
32.13
20.9684
31.9725
21.5652
33.0977
20.8166
32.3928
21.5144
32.0285
21.0644
32.4162
21.4869
31.8603
21.914
32.9026
21.8248
32.182
21.8871
31.4713
21.2377
32.3667
22.0147
32.7861
20.2405
31.331
23.5963
30.8191
22.2326
30.7059
23.7866
30.3336
23.2701
31.0222
22.0704
29.1397
25.398
29.6992
23.8991
33.1868
24.9594
31.9359
25.2312
31.3441
24.9704
30.7547
25.6033
29.8275
25.0062
28.7163
24.698
28.776
23.8789
30.5233
23.1445
32.0454
21.891
31.9027
24.369
32.6204
23.8802
33.1287
23.6483
30.3383
24.9957
28.8159
25.5992
28.7717
23.9785
29.1473
