473.025
437.589
350.523
287.888
228.335
182.639
151.985
131.175
116.581
103.058
93.3646
88.6675
85.1708
80.5617
74.8541
69.5698
66.4738
62.9874
58.5371
55.1594
51.9634
47.3471
43.6946
41.7646
39.7164
38.3006
38.2038
37.8292
36
34.2554
31.6526
28.9316
26.0437
24.3297
22.146
21.3941
21.5613
22.3198
22.9513
25.3793
24.9559
23.5032
20.5522
20.0015
20.7353
21.7302
22.3411
23.9023
23.4451
22.9437
23.3946
22.7989
20.7895
18.2301
17.1636
16.4361
16.9681
16.5268
14.398
13.4151
11.898
9.98706
10.5533
9.89696
8.85618
7.80005
7.46868
6.22987
5.4428
5.42721
5.02422
4.974
5.40672
4.87178
3.45837
3.51523
2.76061
2.76608
2.55041
2.15454
2.4627
1.8526
1.88649
1.50493
1.45721
1.55167
1.29978
1.08993
1.00253
0.894021
0.849414
0.824061
0.759521
0.653007
0.443554
0.489437
0.494747
0.353654
0.445621
0.422994
0.388489
0.358904
0.249256
0.274942
0.198662
0.303807
0.195256
0.210655
0.216695
0.375253
0.228829
0.417048
0.516323
0.172487
0.687442
1.15865
0.462316
0.634192
0.732106
0.183089
0.310735
0.404013
0.787801
0.41025
0.508286
0.390214
1.62271
0.984993
1.18755
1.0019
0.608301
1.91463
1.02867
0.305202
1.51594
0.73689
1.01129
2.29346
0.759753
1.59546
1.20482
0.561343
2.16228
0.394761
1.79866
1.66229
0.447341
3.57716
1.48773
1.65522
3.04979
1.06717
1.12118
1.37934
0.469461
0.0863685
0.508043
0.681986
0.189339
0.180308
0.100575
0.266559
0.040535
0.172622
0.258586
0.223303
0.125125
1.07733
0.327595
0.954181
0.178396
0.56826
0.85744
0.429399
0.109137
0.565668
0.208693
0.766378
0.920513
1.75444
0.847701
0.347692
3.32399
2.21608
2.56467
0.238823
2.14386
2.00882
1.52332
1.9131
0.634297
1.72925
1.28759
1.79132
0.429718
1.69868
0.379349
2.97617
0.0565328
2.81217
0.431038
2.30131
2.51433
1.41519
3.31542
0.483849
1.67325
2.62163
1.63815
7.11712
2.96134
5.55346
8.54778
4.86705
5.60979
5.21796
3.81815
4.62159
3.99736
1.99929
0.515109
2.34197
1.87931
2.54668
2.88636
1.21714
2.85585
0.654195
2.17019
2.85926
0.919384
2.68016
0.897969
1.62198
2.35773
0.415952
1.77045
0.387085
2.01188
1.39977
1.14222
1.31802
0.0117521
1.1035
0.636372
0.572705
0.575541
0.837997
0.598457
0.984348
1.1599
0.0768094
0.301964
0.0704361
0.469082
0.453333
1.05767
0.157515
0.565289
0.727764
0.310606
0.161849
0.0885152
0.846316
0.725583
3.82112
2.63544
2.26057
6.7197
0.911982
3.39569
0.723241
4.33835
3.5531
3.34985
3.30496
2.73668
1.51219
1.04455
0.958343
1.60515
0.397836
1.07364
0.527198
0.594052
0.531574
1.61498
0.618218
1.85102
1.09588
2.54326
0.696483
2.75807
0
93.8678
83.6689
76.7345
58.809
63.7414
83.2266
88.609
69.5265
57.8193
64.1397
48.1281
43.8345
41.3236
38.2558
38.2068
35.0569
31.812
28.2256
26.2707
21.1676
19.2129
19.6928
20.6489
21.5332
14.7547
16.5589
13.8585
13.021
15.6499
10.9092
12.8835
10.6175
9.4749
10.322
6.45165
8.33619
8.64018
5.51416
9.59748
7.39692
4.56275
6.90478
6.39907
2.17206
5.37168
4.81367
3.1576
4.42574
3.70884
3.25725
3.1438
2.87447
1.98756
1.84923
1.78267
1.53746
1.72877
1.83526
1.50853
1.42788
1.49825
0.913248
1.23207
1.35664
0.832481
1.49086
0.845744
1.01004
0.814894
0.959271
1.0419
0.960248
1.06706
0.821556
0.851488
0.836319
0.748156
0.883897
1.20895
0.807073
0.959824
1.47381
1.03949
0.763086
0.795547
0.850997
0.822228
0.832409
0.733356
0.721052
0.895768
0.942338
0.706841
0.709016
0.722632
0.758246
0.7325
0.704091
0.671328
0.705578
0.68205
0.660118
0.664457
0.664257
0.648286
0.696199
0.675924
0.629089
0.627256
0.634454
0.675904
0.617844
0.61536
0.614547
0.649687
0.613037
0.665559
0.61458
0.681024
0.592656
0.654024
0.611657
0.577844
0.997099
0.601531
1.39323
0.622482
1.36182
0.579054
1.42475
0.91303
1.16423
0.860324
0.995803
1.34544
0.490272
1.40099
1.01373
0.497635
1.06791
1.01984
0.864771
1.36138
0.557585
2.04017
0.823628
1.56222
1.20822
0.837081
1.64303
0.472515
1.86117
0.445103
0.772717
0.879824
0.415857
1.10679
0.67159
0.438013
1.30166
0.514938
0.747088
0.837766
0.670738
0.632755
0.745288
0.564018
0.765205
0.566314
0.522703
0.551124
0.506381
0.590199
0.44168
0.549244
0.582445
0.730174
1.41795
0.495373
0.627141
0.579529
0.43945
0.391413
0.632636
0.447192
0.564223
0.652061
1.26808
0.358815
0.684761
0.390414
0.405693
0.864701
0.537645
0.397446
0.386955
0.375874
0.364212
0.449493
0.463152
0.517571
0.39151
0.491197
0.364109
0.34625
0.915879
0.660252
1.44764
0.47603
0.86182
0.551596
1.29873
0.501019
0.728286
0.685744
0.479613
0.848639
0.539426
0.46075
0.865961
0.395242
1.72984
0.60342
1.45245
2.59482
1.45241
4.03135
1.27689
4.08574
0.976924
3.01739
0.547128
1.4611
1.32022
1.07614
0.734086
1.19278
1.5404
0.420011
1.69384
0.642757
1.43863
1.02866
0.550271
0.531113
0.626776
0.475836
0.986253
1.09876
0.505472
0.443775
0.453239
0.468051
0.584423
0.714421
0.923436
1.09841
0.981572
0.714751
1.27311
1.76472
0.476301
2.26576
0.720815
1.06594
1.06933
0.485079
0.58118
1.24599
2.10863
0.80397
0.865464
0.869462
1.33
0.966717
0.819772
1.06758
0.402174
0.625468
0.590816
0.733296
1.11315
0.809307
0.84674
0.466102
1.23695
0.826241
0.483192
0.597269
0.848147
0.523404
0.696755
0.651367
0.541391
0.303
1.15811
0.869624
0.815435
0.648844
0.500916
0.629076
0.775675
0.63757
0.338166
0.368686
0.513805
0.536273
1.43571
0.425244
1.52964
1.06175
0.303428
1.54314
0.573044
3.03655
0.926836
7.77014
3.84056
5.10342
2.70396
14.4975
2.05682
16.4722
6.76576
24.0358
6.96481
17.6928
6.6637
3.73094
16.9732
0.712409
14.1392
5.34969
2.95968
6.72386
3.3825
1.80595
1.9039
3.2494
0.420944
0.757032
2.59181
0.89675
0.760785
1.31762
1.2655
0.617375
0.362628
0.733721
0.880799
0.348018
0.634176
0.610227
0.424125
0.344966
0.675227
0.329275
0.312887
0.448295
0.368847
0.627489
0.378502
0.483676
0.453454
0.330496
0.504153
0.759953
0.296565
0.506763
0.296722
0.270047
0.327849
0.278415
0.285804
0.325968
0.363778
0.35493
0.306546
0.317348
0.581881
0.330768
0.748314
0.301931
1.24212
0.385004
1.23989
0.555602
1.00784
1.2977
0.628695
0.728803
0.352146
0.511049
0.288655
0.543114
0.28399
0.599738
0.265956
0.875259
0.262741
0.418078
0.40608
0.267919
0.415393
0.393921
0.380997
0.423149
0.534324
0.49844
0.272872
0.347165
1.27845
0.993413
0.860034
0.743431
2.13532
1.25743
2.68028
0.762983
5.37144
4.83382
4.03497
3.04942
8.97778
3.78682
2.12032
1.69824
3.17761
1.6048
4.39539
0.833276
4.96625
0.724424
8.56737
1.11393
6.24054
0.940753
2.64229
1.18039
0.700906
5.39676
1.05826
10.6517
1.10946
16.4126
0.314238
18.7398
5.57904
9.57904
7.33148
1.92668
11.1525
2.36534
6.16169
2.75636
2.73546
1.30633
3.77152
1.55175
0.904636
2.62054
1.28476
1.23979
1.40035
2.16168
1.16712
0.606374
0.89037
0.661871
0.493145
0.20476
0.250986
0.809359
0.23574
0.392205
0.221228
0.474047
0.358029
0.136163
0.324258
0.403073
0.214585
0.544776
0.30111
0.205208
0.498094
0.539382
0.473468
0.206901
0.357635
0.417747
0.42253
0.471803
0.520491
0.338076
0.17184
0.192978
0.188452
0.358723
0.696462
0.376278
0.327327
0.483984
0.19578
0.281229
0.287825
0.193161
0.226925
0.20956
0.352962
0.459974
0.388984
0.609883
0.161216
0.433736
0.663363
0.709504
0.343312
0.351342
0.584314
0.496189
0.509251
0.659933
0.486297
0.918819
0.241129
0.3421
0.505437
0.317832
1.29903
1.15978
2.47316
0.367229
0.671678
1.33629
1.04877
4.91683
1.03514
4.09351
2.54099
0.946104
3.967
0.637049
7.27243
1.09635
3.13408
4.09404
1.99154
2.0682
1.24729
0.234723
0.410413
2.60201
0.797597
0.577762
1.54128
0.823176
0.855873
0.733635
0.356136
0.641323
0.519011
0.245725
0.387604
0.388033
0.557477
0.332911
0.901586
0.230314
0.280135
0.249812
0.242387
0.247299
0.220899
0.299281
0.295848
0.457131
0.246391
0.265642
0.19174
0.223815
0.28202
0.471947
0.310517
0.479587
0.370991
0.257088
0.506029
0.537848
0.326879
0.827741
0.389323
0.338712
0.456384
0.315024
0.426367
0.578567
0.590019
0.535164
0.409174
0.311061
0.331299
0.670871
0.793927
0.723542
0.613441
0.70041
0.265696
0.728426
0.21259
0.209229
0.394475
0.408759
0.265718
0.631632
0.491269
0.460516
0.351702
0.264118
0.221745
0.394804
0.225985
0.287295
0.23092
0.232664
1.09792
1.4231
1.41707
1.88625
0.425872
2.54552
0.514504
3.69066
1.60899
2.60045
0.590291
3.38866
0.70936
2.09318
0.599206
1.18328
0.771505
1.08983
1.07461
0.318068
1.07316
0.885768
0.262213
1.36103
1.21851
1.0253
0.799479
1.34169
0.546514
1.52542
1.46451
1.09935
0.890375
0.453568
0.765178
0.846293
0.532451
0.422775
0.392048
0.606544
0.485734
0.632608
1.06366
0.719038
0.586697
0.422322
0.510129
0.697671
0.837907
1.41857
0.97557
3.29969
1.17166
1.12323
2.30157
0.728506
5.23024
0.269699
4.69161
0.613424
2.07854
0.783384
1.10303
0.907635
2.64735
1.68682
1.71058
0.370342
0.88642
3.53361
1.71416
3.73469
3.18563
6.88679
7.28672
3.1501
2.99619
4.57659
1.07189
6.96965
1.37256
5.28819
1.06808
1.35049
4.68097
1.13779
3.00133
1.08327
0.906562
1.32693
2.43509
0.683871
0.413166
0.509285
0.93166
0.604277
0.846782
0.605148
0.608649
0.726575
0.260479
1.46505
1.25189
1.33228
0.373749
1.84418
0.547303
2.75151
1.1154
1.20834
3.625
0.347442
2.99141
2.20211
0.570734
1.14011
1.5021
1.36443
0.621029
2.16061
1.50431
1.61835
3.72576
0.960614
2.99791
1.19584
1.08281
0.622438
2.21637
1.47719
2.01129
0.979091
0.429058
0.575283
1.65804
1.25158
0.777373
0.238029
0.563641
0.403056
1.23753
0.261141
0.406133
0.346536
0.386511
0.38746
0.493525
0.500303
0.321314
0.438456
0.447471
0.246859
0.267721
0.259699
0.307758
0.421754
0.425074
0.406781
0.486013
0.342101
0.424726
0.571669
0.452115
0.233227
0.56842
0.35967
0.232224
0.585081
0.434449
0.233905
0.494075
0.716128
0.398356
0.632914
0.302665
0.63537
0.276647
0.696922
0.430765
0.226388
0.220117
0.171273
0.263672
0.312795
0.298367
0.816048
2.45017
1.21781
0.228189
1.85325
0.714515
1.14501
1.0384
0.77339
0.659144
0.602452
0.906314
0.508514
0.525253
0.952914
0.445223
1.07889
0.337801
1.57479
0.492434
4.04585
2.45399
4.12427
4.72983
4.24225
4.65122
8.87938
11.2956
6.26331
8.60281
6.68835
6.09005
6.91169
6.61349
6.26382
9.10134
3.80001
13.0304
0.760387
13.0197
2.26678
5.27695
7.71325
0.581859
12.0242
1.14982
3.90334
3.04064
0.61738
1.54432
3.29524
1.60569
0.556609
1.20559
2.08007
1.14482
0.277648
1.56051
1.37788
0.707676
1.11911
1.35182
0.794915
0.507971
0.741354
0.625208
0.993446
0.274512
0.556332
0.983458
0.171538
0.555085
2.07854
0.682605
0.830606
3.06415
2.95651
2.24524
5.25043
0.731969
0.643966
5.24929
0.44399
2.34903
1.09052
0.30497
2.56617
0.917575
0.958678
1.07908
1.00585
0.462627
0.27809
0.493464
0.585178
0.537203
0.69448
0.71956
0.691007
0.404505
0.867706
0.833163
0.530571
0.252689
0.448211
0.419246
0.659114
0.571732
0.358184
0.222315
0.554319
0.496535
1.47403
0.268687
3.32788
0.953759
0.568633
1.04884
2.39841
0.324338
2.17753
4.48197
1.01629
8.20882
0.605455
6.87925
1.79137
3.73549
1.88288
4.86436
1.55767
5.29543
1.11266
5.46371
2.44922
6.05866
1.24706
5.14108
2.25728
2.28032
2.02417
2.0904
0.682248
2.4863
3.14538
1.59123
2.62473
3.22027
2.04251
0.565837
3.46702
1.4957
1.04938
2.09288
0.258784
0.629124
1.84626
0.55694
0.59922
1.21882
0.163855
0.570443
0.681655
0.410513
0.672616
0.970026
0.999756
0.685149
0.431079
0.497301
0.589666
0.453748
0.217439
0.366342
0.57679
0.308251
0.593286
0.34367
0.141214
0.354754
0.132453
0.248166
0.184142
0.203622
0.211595
0.132374
0.25392
0.563235
0.435962
0.140109
0.241473
0.201141
0.190585
0.323846
0.339973
0.274468
0.394856
0.254917
0.426244
0.634524
0.427064
0.204201
0.623393
0.208237
0.705317
0.863017
0.207891
0.244672
0.787345
0.424427
0.279548
0.774383
0.412977
1.42097
0.471738
2.22261
1.25595
1.29358
0.888441
0.661757
0.685583
2.13897
0.513995
1.13401
1.6468
0.60223
0.226609
1.48244
0.347579
0.85056
1.53673
0.348129
2.12122
0.294182
1.4264
0.418907
1.57301
0.980352
1.25982
4.7994
1.31485
7.67759
0.843343
10.6555
0.92921
5.54733
4.68155
0.752055
6.28687
1.31866
0.934858
2.00806
2.72042
0.766231
3.96212
0.417721
6.13705
0.737289
8.28421
2.23353
4.74802
3.22434
5.66308
0.690345
9.19005
0.489417
3.85505
1.67086
1.26016
4.10291
1.56584
4.83992
0.829303
4.46297
1.32802
2.26905
1.24631
0.664244
2.39122
0.437761
3.56363
1.83862
0.461488
2.08906
1.36844
0.235741
0.689693
1.04432
1.22373
0.925958
0.630014
0.492372
0.77741
0.82737
0.647624
0.326802
0.646656
0.78107
0.320423
0.771128
1.1482
0.844322
0.572691
0.275209
0.61002
0.501501
0.391142
0.477499
0.262848
0.265391
0.395824
0.302456
0.225819
0.317019
0.189326
0.253704
0.182607
0.25002
0.200907
0.42695
0.215715
0.380924
0.434344
0.264668
0.586685
0.338779
0.405558
0.304485
0.60125
0.296959
0.233061
0.470691
0.488226
0.47156
0.609914
0.226678
0.171891
0.868712
0.5795
1.06337
0.708566
0.545626
0.32374
0.464562
0.250785
0.417062
0.441968
0.300047
0.752321
0.515586
0.754783
0.278196
0.274035
0.452897
0.249176
0.472487
0.417782
0.22968
0.403679
0.391612
0.272199
0.391879
0.244261
0.24749
0.30517
0.226753
0.422697
0.214681
0.670267
0.553085
0.218116
0.621409
0.561186
1.02613
0.406986
0.668615
0.537959
0.858421
0.298865
1.433
0.487126
0.994449
1.66619
1.17684
0.899645
0.580633
0.26355
0.636737
0.889466
0.40752
0.384858
0.518391
0.559177
0.38924
0.5692
0.549395
1.04371
0.910222
0.812684
0.906951
0.448878
2.55642
1.45194
3.79046
2.88687
3.93479
2.58497
2.31448
1.71573
0.680484
0.865369
0.69396
2.18092
1.18484
3.73088
0.534633
8.50929
3.46025
9.25486
1.05375
12.5187
3.30858
23.1544
2.12587
20.3742
2.22063
29.7167
5.04653
26.8486
5.71758
16.6022
6.15172
14.4526
17.1326
3.217
23.8721
0.501348
27.1689
4.12089
6.74877
10.109
0.783447
6.30103
4.25661
1.97251
3.28344
3.25706
1.19936
3.03651
3.69407
2.88412
0.851143
1.36523
2.27895
1.17233
1.05989
1.78727
0.962288
0.84891
0.670134
0.321784
0.885003
0.829617
1.03811
0.304744
0.325427
0.335311
0.21043
0.170212
0.386842
0.161303
0.183298
0.20956
0.127631
0.429009
0.104434
0.289833
0.259732
0.165367
0.237238
0.192768
0.183518
0.205259
0.135808
0.323729
0.165214
0.477007
0.234859
0.67977
0.368826
0.287239
0.119353
0.96009
0.972941
0.704681
0.422544
0.197721
0.428858
1.4247
0.430327
0.250177
1.15213
0.269604
0.377158
2.31644
0.205715
1.39915
1.8135
0.562952
2.82293
0.318216
1.26843
0.539484
0.276766
0.756767
1.13512
0.345362
0.294426
0.575044
0.530448
0.290046
0.473075
0.7684
0.591864
0.412466
0.523016
0.511196
0.361606
0.384436
0.656491
0.506341
0.242148
0.316956
0.34227
0.211944
0.278758
0.21021
0.293943
0.229262
0.239364
0.484536
0.1938
0.506942
0.938121
0.264313
0.562579
1.18582
0.345038
1.67718
0.58501
0.30367
0.532796
0.725047
0.214211
0.893184
1.59416
0.817518
0.225471
0.960034
0.293272
0.227511
0.603292
0.710019
0.271379
0.943043
0.600186
0.370325
0.532847
0.49344
0.232774
0.595516
0.732414
0.464292
1.15785
0.287117
0.503765
1.22318
0.349855
0.362159
1.17833
0.686912
0.871272
1.39968
0.246946
0.735928
0.740213
0.460372
0.734783
0.383326
0.486451
0.854054
0.635402
0.215975
0.901097
0.440248
0.628734
0.320328
0.611225
0.455984
0.435759
0.260583
1.09263
0.265445
1.27545
0.470071
0.600764
1.29299
0.990649
0.683857
1.21146
0.392453
0.388668
0.339873
0.299659
0.819983
1.38548
0.213273
2.66786
0.367761
0.319287
1.73415
0.451466
0.971756
1.10576
0.30773
0.988967
0.614372
0.221251
2.25008
0.652275
4.06372
0.253349
2.54709
0.430322
0.682316
1.2154
0.234645
0.525411
1.1506
0.369684
0.864328
0.694201
0.257116
3.1965
0.655705
5.3984
0.513687
3.4067
1.42131
1.19884
2.26007
0.617968
2.0391
0.716709
5.96571
0.984422
2.88753
1.10353
0.215394
0.498295
1.49324
0.213737
1.25163
0.86928
0.195023
0.83946
0.0923901
0.107864
0.123881
0.153052
0.270361
0.33822
0.455195
0.496757
0.126138
0.173262
0.281495
0.263366
0.368636
0.148054
0.457193
0.510974
0.358786
0.146125
0.2968
0.329665
0.279436
0.134645
0.213565
0.0609648
0.15708
0.0726873
0.206825
0.327048
1.2012
0.225853
1.64753
0.36478
0.339664
0.720744
0.336241
0.560608
0.175623
0.952099
0.48887
0.241033
0.680753
0.125026
0.156574
0.451437
0.336562
0.15117
0.283558
0.181361
0.314322
0.232712
0.379669
0.276815
0.176078
0.298755
0.243398
0.865237
0.376486
0.263738
0.213116
0.280528
0.236492
0.202711
0.593541
0.348772
0.686986
1.44715
0.980059
2.93589
2.24478
3.88719
1.10064
5.72839
1.12891
7.14551
0.408651
6.99912
0.671187
1.46847
4.97432
0.333517
3.18643
1.86542
1.01561
1.79205
3.05165
1.46396
0.852699
5.48253
1.24844
4.824
1.19806
4.84343
0.715687
1.08234
3.24113
0.193062
7.28102
0.138267
7.84434
0.496095
2.20055
2.71645
0.146899
3.19021
1.53504
0.597409
5.76141
0.283497
1.21338
0.908973
0.685703
0.742937
0.673147
0.267972
0.549646
0.550295
0.447745
0.106377
1.2113
0.228229
0.569698
0.93192
0.325379
0.934469
0.486268
0.93289
0.46377
0.54665
0.41811
0.174278
0.221326
0.26974
0.282256
0.0892364
0.529837
0.53156
0.17155
0.45894
0.829434
0.358348
1.39328
1.59696
0.466069
1.51711
0.778901
0.296585
1.50389
1.06994
0.368646
1.33125
0.606433
0.836512
0.648725
0.280838
0.101698
0.268983
0.293958
0.146609
0.310701
0.442325
0.203318
0.259861
0.365602
0.246539
0.239005
0.37425
0.310887
0.177813
0.339073
0.334018
0.180468
0.23845
0.208385
0.194134
0.195828
0.195826
0.181496
0.203061
0.410562
0.358506
0.361492
0.59147
0.278198
0.92784
0.344063
3.3845
0.251477
2.74983
0.838859
8.88499
0.956366
11.4116
1.18196
7.32782
1.4291
1.13105
3.32452
1.52921
5.31328
0.74542
5.55113
2.52108
7.23771
1.7412
9.97098
1.06377
10.7884
3.45931
3.14186
9.57374
1.13814
16.1544
0.571363
10.3839
2.86866
2.12868
7.6259
0.478026
0.77812
3.96669
0.192061
1.91023
2.55957
0.324884
2.8175
2.99954
1.41629
1.44195
0.571115
0.62592
0.947114
1.08898
0.489803
3.51363
0.104687
2.86138
2.48866
1.47888
1.88144
1.18949
1.5331
2.03468
2.18742
2.59015
0.385526
2.81766
1.44007
0.111417
0.997329
1.68472
1.19792
1.91966
1.65257
3.87009
0.58249
1.88233
1.59743
0.619803
0.797879
0.890754
1.03257
2.42233
0.0787698
1.14418
1.67881
0.02566
0.441667
0.611943
0.876553
0.251273
1.41312
0.56907
0.773653
0.630941
0.403872
0.262879
0.287512
0.35786
0.230951
0.0603651
0.562189
0.269923
0.13067
0.15369
0.146787
0.280342
0.34356
0.42533
0.351361
0.307198
0.135851
0.212772
0.125934
0.121692
0.0520223
0.0653592
0.118788
0.0859477
0.0790001
0.349352
0.225014
0.0119924
0.270516
0.239695
0.132882
0.333953
0.528426
0.334284
0.0398146
0.172328
0.0854811
0.0451059
0.301848
0.176246
0.402505
0.451153
0.377902
0.321183
0.432981
0.26726
0.288157
0.10114
0.0979056
0.135654
0.0372948
0.361687
0.33074
0.504537
0.473572
0.200571
0.698082
0.814346
0.202872
0.382383
0.198902
0.339576
0.137636
0.0801699
0.453112
0.158942
0.0881304
0.448397
0.362028
0.793099
0.163758
0.278653
0.614111
0.324165
0.157314
0.140853
0.210108
0.12219
0.135235
0.11838
0.210338
0.114019
0.166271
0.520003
0.492611
1.59419
0.288958
1.61951
0.437937
0.317272
1.79968
0.792248
3.24722
0.453712
5.18104
0.392442
3.75493
2.08396
1.69218
4.16308
2.16477
5.15342
3.16852
2.1753
2.02025
1.2788
2.63382
1.52339
1.69096
1.99116
0.721871
1.35393
1.13743
1.71034
2.08182
1.86584
0.471579
3.53126
1.55944
3.15849
2.00653
1.2973
0.287728
1.13563
0.475288
0.0309456
0.810831
0.590233
0.163557
0.132473
2.00382
0.189723
0.195846
0.876177
0.52415
0.0441858
0.496839
2.1373
0.51715
0.398332
0.857332
0.509876
0.630758
0.197869
0.272584
0.209605
0.0648731
0.00248444
0.100316
0.0438926
0.229296
0.106893
0.147991
0.213293
0.240573
0.432858
0.560215
0.157318
0.665463
0.0169846
0.0702033
0.20916
0.0294736
0.052081
0.118362
0.107138
0.144779
0.0322354
0.19783
0.148334
0.297087
0.275239
0.0916323
1.30562
0.205493
0.753453
0.789631
0.321312
0.462221
0.7145
0.236455
0.889012
0.107621
0.292167
0.398927
0.229102
0.159703
0.270184
0.274738
0.239553
0.170717
0.163913
0.111542
0.103221
0.197768
0.168373
0.242168
0.0889072
0.219324
0.122978
0.128924
0.195277
0.215535
0.108217
0.318899
0.32917
0.145923
0.324173
0.481849
0.318199
0.140043
0.411299
0.64076
0.246376
0.289128
0.496944
0.349111
0.18158
0.371045
0.473181
0.177231
1.05993
0.287235
0.632949
0.365802
0.215984
0.691371
0.217879
0.380067
0.37412
0.462883
0.380401
0.262814
0.286634
0.505642
0.656724
0.53418
0.661357
0.203946
0.276377
0.335306
0.308644
0.207763
0.38199
0.275322
0.399227
0.212329
0.225717
0.199668
0.261469
0.206021
0.190501
0.71303
0.908243
0.457576
0.390412
0.3273
0.317207
0.942328
1.33855
1.46444
0.609271
1.82347
0.793609
1.71113
0.515385
3.7682
0.730313
4.30334
0.499391
6.98801
0.543275
13.2781
0.276428
13.9078
0.4525
4.3732
3.28311
0.621346
6.72077
0.632104
1.89265
1.87559
0.504658
1.91706
1.35183
0.806833
0.136577
0.674013
0.338515
0.274612
0.147902
0.626212
0.912851
0.590754
0.195493
0.630376
0.594521
0.119358
0.301714
0.259889
0.124937
0.487845
0.822025
0.720616
0.844575
0.206806
0.128778
0.218104
0.476688
0.268284
0.277704
0.565562
0.380422
0.199639
0.213365
0.144897
0.127528
0.106486
0.336091
0.74017
0.59848
0.145311
0.396212
0.54939
0.421959
0.489489
0.118461
0.072657
0.205999
0.362785
0.447605
0.229348
0.215712
0.313465
0.211578
0.274918
0.226113
0.167607
0.198994
0.234319
0.185613
0.28799
0.364198
0.231553
0.417279
0.151235
0.715929
0.161155
0.355853
0.382146
0.306553
0.123625
0.307812
0.343472
0.403091
0.241229
0.260866
0.259153
0.5111
0.254141
0.505503
0.169638
0.609781
0.208699
1.27951
0.34259
0.62726
0.190404
0.496999
0.568713
0.298598
0.978307
0.19508
0.410663
0.9657
0.822165
1.97768
0.145639
1.39056
0.180983
1.20466
0.836097
0.176876
1.55808
0.14119
1.05239
0.549062
0.199482
0.685083
0.411734
1.87335
0.463646
0.287955
3.65781
0.249913
4.60124
0.214292
4.34296
0.626228
3.92145
1.31317
1.69566
2.74396
1.66555
3.10771
0.497124
5.54009
0.511691
5.16627
0.476584
4.71496
3.65802
1.03582
2.36999
3.02631
0.389502
12.1554
0.832566
10.6285
3.12816
15.1246
0.387951
10.5534
0.781518
6.32151
3.79196
0.656227
13.4957
0.427898
24.7665
2.5754
12.2956
6.55113
4.45104
5.08921
0.755772
1.84851
5.00344
0.869966
1.01532
3.05753
1.26588
4.29383
1.2685
0.77804
1.3029
2.20961
0.454279
2.17495
0.678742
0.10797
2.62802
0.14394
0.513318
1.7237
0.84643
0.629655
0.141387
2.36745
0.0502435
0.17404
0.584615
0.537105
0.491424
0.668389
0.796375
0.643659
0.357379
0.270519
0.405175
0
103.944
60.3947
61.5361
85.2102
90.6367
46.5833
28.253
52.3797
69.5807
47.5156
28.6519
52.7331
79.1187
41.7927
40.8771
41.7953
41.5031
41.582
33.4311
23.4122
21.4582
24.5956
22.5175
13.096
15.9646
19.0892
13.7788
9.80241
11.9544
12.7814
8.45335
6.66086
10.9947
7.95474
4.25267
8.99337
6.41059
3.29574
5.84977
5.95051
3.88277
3.27859
3.74473
5.87587
1.75388
3.43422
4.56577
3.64379
2.14884
1.58596
4.54584
1.37782
2.2487
1.09113
1.7668
1.96461
1.71813
1.31798
0.902298
0.958501
0.980314
0.922066
0.867511
0.903402
0.915842
0.704374
0.615151
0.69644
0.458972
0.453665
0.407406
0.437894
0.462405
0.404745
0.569048
0.495282
0.416915
0.418325
1.02322
0.859897
0.482808
0.774645
0.416682
0.892809
0.559416
0.402945
0.461561
0.459329
0.33884
0.743677
0.355758
0.461302
0.445696
0.398548
0.743663
0.546416
0.753404
0.48039
0.403084
0.454746
0.324622
0.427067
0.209079
0.204224
0.389004
0.306781
0.237919
0.273531
0.448022
0.206289
0.337796
0.177999
0.196464
0.260686
0.134951
0.291404
0.290782
0.410522
0.152311
0.337011
0.140924
0.12978
0.381394
0.129975
0.401525
0.115159
0.354034
0.397036
0.364194
1.21085
0.3205
1.18999
0.693045
0.951634
0.279381
1.05094
0.330271
0.409355
0.228662
0.216212
0.193648
0.195787
0.23483
0.242755
0.352321
0.136998
0.496235
0.312206
0.110184
0.298524
0.566797
0.482841
0.242053
0.282821
0.0400944
0.367148
0.319363
0.341157
0.44991
0.342677
0.837085
0.634106
0.605396
0.371456
0.679632
0.0274633
0.594146
0.642028
0.743914
0.176046
0.9419
0.777574
0.17858
0.707189
0.84505
0.486093
0.372617
1.10394
0.0732037
0.576964
0.653
0.508349
0.168737
0.216826
0.143182
0.265817
0.170519
0.286929
0.109756
0.24146
0.113621
0.138039
0.272351
0.332332
0.168928
0.13129
0.0441508
0.112355
0.11535
0.0848561
0.0769271
0.0173078
0.00510937
0.107932
0.108857
0.559544
0.090243
0.231232
0.342146
0.369712
1.09657
0.460461
0.781533
0.513817
0.362859
0.625529
0.713049
1.20916
0.389784
0.780219
0.93203
1.2034
0.610027
0.765885
0.612152
1.00401
0.897214
0.255783
0.6922
0.525874
0.384499
0.341871
0.416347
0.267831
0.153347
0.337795
0.351285
0.639632
0.253971
0.393217
0.126821
0.82625
0.247463
1.20486
0.198752
0.403152
0.416132
0.223069
0.977857
0.279643
1.46651
0.15616
1.26369
0.397533
0.819686
0.231357
0.379691
0.829465
0.255238
0.653317
0.402346
1.01502
0.0734167
1.60765
0.837139
1.88551
1.3224
0.889812
0.831769
0.719035
1.73371
0.822083
0.280771
1.58122
1.09906
2.8627
0.48587
3.29464
0.576078
1.28475
2.41559
0.806344
3.35466
0.93005
1.85815
1.10753
0.778875
0.585382
0.638447
0.677393
1.66054
0.832253
0.625173
1.93929
0.46869
2.0307
0.462665
0.7479
2.25552
0.374112
1.13395
1.22799
0.306696
1.87963
0.088966
0.751327
0.458927
0.309651
0.285859
0.439138
0.13019
0.975482
0.335876
0.370557
0.123874
0.283963
0.243261
0.0124727
0.0225271
0.370457
0.339767
0.0413741
0.635212
0.448613
0.806654
0.230466
0.804307
0.0474494
0.239613
0.337742
0.330088
0.144997
0.823466
0.145341
1.16829
1.37252
0.294036
0.782744
0.114173
0.500313
0.147336
0.407042
0.38011
0.314751
0.230134
0.659727
0.347546
0.482653
0.325006
0.0736049
0.376464
0.506519
0.759371
0.728468
0.509808
0.25095
0.759892
0.442676
1.05549
0.52406
0.298789
0.418908
0.784219
0.916691
0.367941
0.859511
0.308244
1.28605
1.12759
0.510334
1.30032
0.71785
0.788858
0.373622
0.313705
0.0570841
0.209143
0.164322
0.375961
0.297842
0.496003
0.0613492
0.388913
0.0615325
0.278272
0.497546
0.407005
0.55871
0.203428
0.248118
0.22638
0.239533
0.292994
0.234857
0.179455
0.333868
0.225051
0.298288
0.234814
0.536592
0.249067
0.924063
0.659501
0.0951087
0.232257
0.384419
0.324029
0.629607
0.239424
0.579654
0.0859885
0.686077
0.355072
1.17217
0.441219
1.4907
0.323098
1.08953
0.397489
0.4299
0.345295
0.1832
0.507437
0.568887
0.947801
0.523664
1.41804
0.454284
0.626177
0.249026
0.217793
0.501537
0.10806
0.0507342
0.492951
0.0694689
0.0821509
0.223533
0.161591
0.460681
0.335728
0.886557
0.675024
0.363938
0.22521
1.78048
0.181209
1.93878
0.578962
1.9165
0.674861
0.439937
1.53226
0.0717591
1.0799
0.473841
0.882897
0.528741
0.508988
0.631368
0.109176
0.749676
0.881057
0.99032
0.376366
0.564699
0.240605
0.80825
0.328754
0.406145
0.413639
0.823458
1.19235
0.0232192
0.791639
0.138414
0.436258
0.57304
0.524507
0.304883
0.167753
0.384906
0.576562
0.22776
0.361042
0.0417049
0.341754
0.209899
0.0344374
0.970623
0.799198
0.402292
1.43244
0.0615166
0.492691
0.544195
0.422792
0.505597
1.13672
0.744233
0.575999
0.385925
0.394289
0.766324
0.46137
0.430019
1.04673
0.174226
0.114186
0.640533
0.183069
0.157957
0.658993
0.543716
0.439208
0.666138
0.246934
0.818832
0.195216
0.940202
0.617472
0.189436
1.22921
0.442225
1.85404
0.105138
2.11727
1.20032
2.40629
1.66781
0.771225
1.84769
0.393972
1.65591
1.19638
0.881353
0.768799
2.47255
1.11935
0.381907
2.39219
0.640315
1.06976
2.0527
1.35119
1.03432
1.45672
1.62026
0.700759
1.73088
2.38252
0.129061
1.1824
0.928779
0.81551
0.588501
1.07211
1.03668
0.191346
0.89279
0.262795
0.508404
0.520805
0.515569
0.352419
0.227969
1.28496
0.611154
0.704598
0.173229
0.261411
0.376655
0.253189
0.267829
0.0935084
0.0467576
0
113.113
49.5699
53.2703
73.5061
51.2896
36.4389
40.224
43.0433
36.6663
31.2415
33.3716
39.3732
35.1231
24.7951
25.5458
34.4273
34.0129
23.7021
21.5612
17.0467
16.1109
14.4098
11.6065
11.2978
11.3104
9.01169
9.26704
9.8256
7.14803
6.52312
9.07828
5.45585
5.98076
6.99724
6.41749
5.19418
3.87063
4.92548
4.17129
3.01053
3.19559
4.25095
3.10267
2.51367
2.96729
3.39502
2.44354
2.48111
2.43307
2.14042
2.59591
1.88933
2.78079
2.32092
1.89925
2.44697
1.92795
3.11434
1.81385
1.83913
2.71148
1.45937
3.01445
1.65606
1.2039
2.42499
1.13794
1.46021
1.53546
1.20365
1.17252
1.30588
1.19841
1.11746
1.01119
1.02164
1.15701
0.996776
0.987527
1.07757
0.975035
1.04629
0.987906
0.921569
0.927943
0.988217
0.870516
0.867934
0.890628
0.870077
0.88867
0.853193
0.829751
0.953072
0.817272
0.900178
0.844703
0.967947
0.902563
0.811831
1.15957
0.949758
0.760196
1.18963
0.799949
1.17631
0.941441
0.740328
0.715344
0.971523
0.699001
0.843836
0.770824
0.774168
0.922401
0.794646
0.772956
0.981439
0.81042
0.965639
0.906461
1.02527
1.18241
0.891989
0.729813
0.817237
1.33678
0.867186
0.890766
0.844069
0.796512
0.846787
0.953815
0.89309
0.807677
0.977551
0.698594
0.81732
0.70992
0.84307
0.703784
0.693469
0.756147
0.742224
0.787769
0.665743
0.816679
1.03769
0.704899
0.953597
0.868864
0.742469
1.14778
0.920015
1.68222
0.774481
0.771375
1.61507
0.872061
1.02901
1.47812
0.586143
1.14835
0.685788
0.81348
1.15348
0.953106
0.682253
1.03648
0.81316
0.674937
1.17021
1.15616
0.793214
0.782005
0.794082
0.578106
0.762616
0.812612
0.560125
0.881958
0.625558
0.768515
0.677971
0.460406
0.960075
0.759946
0.650141
0.621804
0.582095
0.695121
0.859667
0.577232
0.793788
0.721717
0.618646
0.517004
0.725634
0.651703
0.714717
0.534741
0.585358
0.642093
0.625042
0.568086
0.464151
0.474133
0.471255
0.417461
0.43632
0.409771
0.508422
0.450399
0.415058
0.403996
0.389535
0.443779
0.37145
0.415689
0.379816
0.522385
0.359899
0.670316
0.471875
0.431464
0.395665
0.474667
0.389699
0.567559
0.338318
0.442073
0.426131
0.355276
0.637757
0.47308
0.545879
0.520193
0.329939
0.406283
0.44627
0.470703
0.554781
0.580327
0.986963
1.26281
0.77652
0.506053
0.955279
0.314581
0.635347
0.425807
0.533133
0.451575
0.781697
0.550557
0.535721
0.804103
0.697653
0.509272
0.591317
0.730921
0.481485
0.387344
0.848578
1.43666
0.643659
0.868781
0.944509
0.805881
0.982661
1.03445
0.844171
0.58067
0.500977
0.737801
0.412594
0.769285
0.542336
0.616336
0.649045
0.472216
0.527578
0.690669
0.803984
0.548618
0.383245
0.588396
0.764336
0.347714
0.715723
0.871952
0.598294
0.240598
0.518509
0.505032
0.244405
0.429731
0.417383
0.218064
0.280926
0.449803
0.337703
0.414474
0.601962
0.482342
0.287946
0.459803
0.460699
0.323813
0.33007
0.410234
0.233944
0.287271
0.314963
0.267151
0.25532
0.40004
0.219379
0.494568
0.257384
0.499408
0.761821
0.30298
0.532136
0.585887
0.275953
0.640843
0.5638
0.812936
0.485116
0.927103
0.339813
0.49308
0.62183
0.839505
0.2774
0.21985
0.350429
0.463382
0.611844
0.520222
0.424825
0.346339
0.450419
0.455461
0.403638
0.265985
0.422121
0.437545
0.413734
0.767334
0.337773
0.394691
0.673689
0.353268
0.174754
0.388716
0.282788
0.186812
0.291581
0.163889
0.169866
0.463234
0.503524
0.280507
0.231673
0.411085
0.421983
0.499665
0.212952
0.937514
0.621029
0.616703
0.821695
0.515834
0.542289
0.931037
0.475557
0.442061
0.727969
0.260505
0.586174
0.380529
0.505353
0.564175
0.175366
0.442056
0.359856
0.326844
0.477225
0.527973
0.649811
0.542537
0.44896
0.240715
0.498279
0.548887
0.202252
0.306406
0.233864
0.132148
0.184932
0.172353
0.192358
0.292138
0.18723
0.273308
0.14758
0.545915
0.306646
0.203328
0.345115
0.158332
0.881957
0.161082
0.713319
0.736028
0.606008
0.41073
0.767571
0.454112
0.41727
0.237793
0.390579
0.59666
0.372339
1.11657
0.247084
1.14453
0.403433
0.285612
0.535582
0.226683
0.470892
0.321503
0.239719
0.320455
0.315168
0.454675
0.209539
0.648607
0.574908
0.516751
0.805349
0.472424
0.911041
0.391138
0.511345
0.771538
0.502598
0.562777
0.321122
0.273895
0.277607
0.397005
0.679404
0.129956
0.380903
0.370407
0.507068
0.318751
0.396288
0.157192
0.602206
1.40045
0.442125
3.20096
0.524002
2.71379
0.630056
2.34344
0.303929
1.86895
0.327707
1.56464
0.536508
0.654893
1.00478
0.403448
0.561544
0.482676
0.272077
0.53204
0.644224
0.383315
0.493359
0.627179
0.369081
0.163229
0.498511
0.584919
0.418145
0.126616
0.522045
0.827717
0.332586
0.74375
0.401337
0.59877
1.01338
0.639291
0.180326
0.471846
0.299626
0.30698
0.434153
0.20482
0.898383
0.236778
0.576708
1.172
0.781368
0.764993
1.11698
0.722448
0.88641
1.1879
1.43091
1.24974
1.32701
1.97994
2.14168
2.68785
1.10272
2.61551
0.785076
4.60068
0.459593
5.12929
1.52681
5.88439
6.27077
5.96091
4.88099
2.34378
1.05543
2.62811
1.44351
3.23327
1.67998
1.85443
4.44284
2.04806
1.1436
3.4463
0.753873
0.374965
1.44216
0.801037
0.889956
1.22793
0.885593
0.069838
0.965254
0.831621
0
