503.316
433.255
376.287
339.002
306.256
278.783
253.34
232.406
222.762
203.528
190.224
178.01
167.614
159.152
151.227
144.636
138.346
131.097
125.923
117.371
111.979
106.547
103.426
99.3728
93.163
87.9153
84.4666
81.9125
79.4722
76.3819
77.0807
69.8535
68.1879
65.9882
65.6996
59.6586
57.2715
55.7564
54.707
53.2081
50.5438
50.0471
47.7664
50.3519
44.1314
42.7679
41.8054
42.6942
39.1192
38.0712
36.4449
37.8281
35.439
36.4342
34.3657
35.6841
32.6776
30.356
30.187
29.7644
29.8418
28.2478
29.4547
28.4989
31.7164
25.8626
24.7402
22.8648
22.3811
22.1438
22.6535
23.0284
23.1714
25.444
23.8324
20.5362
19.4059
18.1688
17.0364
20.5613
23.7869
18.3122
15.6524
17.3358
19.4686
15.7645
15.0295
19.2474
16.4291
13.6246
14.112
12.6012
11.7823
11.8235
12.1634
14.5072
13.8233
12.2007
15.1287
14.7074
15.6364
11.0618
9.45961
8.77652
9.83673
10.5896
10.6117
10.579
10.5296
10.2943
8.90344
7.81849
7.92453
9.3261
8.36149
6.87916
7.08511
7.10285
7.53528
7.34527
8.57018
9.79873
8.71926
8.23119
8.24258
6.67196
10.4833
9.81825
6.8338
5.15144
6.42943
5.07359
5.0046
5.92428
6.3291
5.16827
5.19091
7.43296
6.14077
3.90226
5.72101
9.25626
12.0117
7.95964
5.48683
5.8999
4.50636
4.91394
4.23777
3.72532
4.68324
4.27106
4.73711
4.37482
3.99546
4.27921
4.43026
3.64873
3.50695
3.15286
4.93898
5.11965
4.98353
6.95935
12.8454
7.35977
3.54633
3.27052
3.37107
3.09576
4.05748
2.74035
2.91387
2.73735
4.79239
6.81697
4.57793
2.74167
3.04442
2.71397
2.59598
3.44454
3.293
4.58406
4.27755
2.69116
2.82752
6.50531
6.00908
4.43668
3.12893
3.13552
3.72948
3.6056
4.28882
4.23212
3.03715
3.62673
5.54264
5.02702
4.62593
3.90176
2.32778
1.69621
2.31292
2.19335
2.22788
1.97217
2.54926
2.38507
4.15488
8.92412
6.19413
3.8879
4.09751
2.82212
3.4939
3.26486
4.07557
3.42465
2.49802
3.72956
2.83987
3.56448
3.06713
3.4411
3.31043
2.68893
4.42658
2.9453
1.7448
1.84465
1.73362
2.21562
4.92945
7.49212
6.60227
4.96119
4.74196
7.98411
1.90499
1.58493
1.47069
1.67643
2.73278
2.32227
2.84779
2.13025
2.1479
3.3163
3.05307
2.24022
2.38321
4.4198
4.84721
2.84781
3.20798
1.86412
2.47738
1.97532
2.16543
3.10234
2.93045
1.87147
2.29319
2.03118
4.77439
9.88662
6.18879
2.76288
2.49487
2.00988
1.68335
2.07895
1.89348
2.09972
2.01551
2.10985
2.14943
2.23814
2.13733
2.29778
1.95382
1.41953
3.32392
2.56303
4.49494
6.06358
3.60844
2.97138
3.44935
4.33482
2.03008
2.84259
1.17477
1.64109
2.76821
2.64431
2.12433
2.18028
2.24005
2.16383
2.36214
2.13876
2.481
2.47988
2.23305
3.14695
2.29952
3.39766
2.74695
4.76016
6.02829
3.15359
3.4579
4.0848
1.8956
2.06312
1.43458
2.00345
1.88509
4.29705
5.41078
4.32453
2.88919
1.25728
2.08314
1.96387
1.25887
2.04349
1.25335
2.16331
1.2212
2.28711
1.18123
2.11571
3.00057
4.93104
4.49223
2.30827
2.77519
1.80725
1.32281
1.72463
1.9068
1.9784
3.95712
7.3778
3.30895
1.83532
1.24699
2.13588
1.31113
3.03539
2.9592
3.45206
4.0274
2.28441
1.07352
1.08603
1.36848
1.39932
1.37501
1.42135
3.26118
5.05149
1.51229
1.1301
1.28673
1.24264
3.58655
3.31636
1.8311
1.40479
3.22618
2.51387
2.3482
1.04382
1.82592
4.38258
5.66443
7.10165
8.08505
2.55627
1.37246
1.01508
1.07863
1.09374
1.03084
1.19707
1.37912
2.3535
1.18778
1.57188
1.58503
2.24119
1.07922
1.88536
0.989535
1.99484
1.03917
1.16172
1.04606
1.24695
1.09783
1.26474
3.04424
8.53184
4.57077
2.78464
1.80033
2.44322
1.0287
1.20263
1.49982
3.82543
1.71148
1.48785
1.67284
2.82853
1.25515
1.29743
2.50956
2.06621
1.97016
2.15133
1.86425
2.25018
1.85086
3.32776
2.99726
3.40795
3.32636
3.3052
1.01458
1.0282
0.943947
0.936582
0.931987
0.927116
0.92195
0.91647
0.910654
0.923056
1.92765
3.74839
2.25165
3.81447
4.33559
11.3658
1.94191
1.17188
0.954214
0.950065
0.945667
0.941005
0.936202
0.98536
0.959712
1.28155
1.32426
2.55889
2.93663
4.25298
4.59703
2.98154
5.84338
7.38667
1.63181
1.24057
0.929288
0.919015
0.915493
0.911763
0.907812
0.903624
0.899184
0.894476
0.889482
0.884184
0.87856
0.872587
0.866242
0.859495
0.85232
0.844688
0.836567
0.833215
1.20527
5.39724
6.33761
4.29613
2.58299
2.08291
1.99719
0.839358
0.815107
0.810076
0.80474
0.799077
0.79307
0.786691
0.779917
0.77272
0.793739
2.19773
6.14777
3.82028
4.55536
1.94509
2.0849
1.96464
1.50296
2.12592
1.6678
2.15775
1.31037
1.91977
2.17778
3.79199
1.97563
1.37104
2.22071
1.65137
1.03435
0.961788
1.08463
2.27722
2.94929
4.08172
2.59489
2.12796
2.51463
2.65338
1.82795
1.76876
1.64499
1.93083
1.72961
1.52347
1.7584
1.4671
1.93195
2.5339
4.56478
4.52879
2.14654
1.11589
0.997943
1.55222
0.827791
1.10898
1.10576
1.17866
1.11876
1.22922
1.1598
1.28141
1.19953
1.32939
1.2921
2.58498
7.39594
5.80646
2.08547
0.857313
0.853406
0.849267
0.844881
0.840228
0.835294
0.830062
0.824512
0.81862
0.812361
0.805713
0.798648
0.791136
0.783145
0.77464
0.816626
2.60077
9.12314
6.28077
4.77037
13.0019
5.68114
1.44053
1.04608
0.850361
0.846313
0.852628
0.974628
0.961385
0.944437
0.943244
0.955156
0.952167
0.967025
0.960906
0.981349
0.973466
0.988397
1.00863
1.47582
2.75784
2.45864
6.84985
2.8618
1.35093
2.0275
2.24125
1.22218
1.66345
3.21983
1.37402
0.820002
0.766319
0.760405
0.754127
0.747461
0.742133
0.771449
1.99403
2.62647
1.50969
2.99824
1.43389
3.09567
1.76128
4.9848
1.06055
1.19219
1.86962
1.91472
4.65445
2.01883
1.04902
1.93751
1.12425
1.89654
1.67275
1.61438
1.42097
2.0637
3.17691
1.63234
3.09481
1.67624
1.23677
0.781523
0.776562
0.771302
0.765722
0.7598
0.753515
0.761944
1.51538
4.68734
4.66896
4.52818
2.00491
1.36185
1.44053
1.10058
0.975087
1.26081
1.08396
1.10706
1.31898
0.956963
1.44855
1.80677
2.80026
1.66154
2.11447
1.69172
1.34346
1.47013
2.50899
1.0128
1.97125
1.16809
2.23225
1.05567
1.06656
1.13162
1.08426
1.19565
2.70707
2.66862
6.42229
1.51979
0.734145
0.738669
0.690054
0.68749
0.690141
0.683637
0.67673
0.669391
0.661589
0.653287
0.644465
0.740843
1.07914
1.07037
2.52476
2.91178
6.39369
4.87735
4.98104
5.51192
1.41538
0.744814
0.796965
0.703946
0.826042
0.769202
0.861528
0.832073
0.905142
0.908053
0.936041
0.970881
0.978282
1.03425
1.01894
1.12793
3.07299
2.95888
2.446
3.32654
0.915656
0.90203
0.793828
0.757945
0.80868
0.829035
0.971859
1.43341
3.60115
4.72962
1.53844
1.97503
1.06332
0.880552
0.775288
0.571677
0.783569
0.601208
1.80062
5.46234
1.29662
1.4085
1.4241
3.55894
2.15809
1.79243
2.04683
0.965312
0.967665
0.784369
1.02529
0.817397
1.08652
1.07251
1.16576
0.919609
1.91299
1.58523
4.15562
2.00472
1.09452
0.913017
1.51562
1.94002
1.65595
5.44107
3.98749
3.68331
3.59686
0.86344
0.70171
0.788758
0.855123
0.792403
1.07023
1.93681
2.14513
0.781196
1.07789
0.818464
1.1337
0.86476
1.20085
0.891763
1.22491
1.1544
4.21971
4.63662
5.38051
1.33825
0.762954
0.679659
0.639685
0.635978
0.630564
0.624821
0.618728
0.612261
0.611541
1.29378
1.58377
1.22288
4.23913
11.7067
7.86331
1.88366
0.747871
0.632141
0.622503
0.617662
0.612529
0.607087
0.601312
0.595184
0.588679
0.581769
0.574428
0.569971
1.67681
3.79611
2.44997
3.82902
2.39411
1.23698
0.859305
0.890399
1.26788
1.91969
2.69438
1.41282
1.55693
1.05729
0.77695
1.09788
0.922842
1.03396
0.987325
1.21107
1.73406
1.71985
2.46088
0.614965
0.607824
0.600236
0.592168
0.58359
0.574461
0.564741
0.556029
0.547423
0.535733
0.591469
5.12317
10.9255
2.70705
1.34425
1.02471
0.822552
0.739718
0.591063
0.584996
0.57855
0.571706
0.564435
0.556709
0.576197
1.1826
0.939936
2.28106
7.14174
3.5729
3.50149
1.79329
1.29886
1.4921
0.695427
1.49187
1.36889
2.58602
2.39695
0.610644
1.08328
0.652627
1.13892
0.693227
1.19234
0.777679
1.70168
1.92254
3.09976
0.898685
1.83581
0.911848
1.97366
1.94395
2.48123
0.593088
0.585247
0.57695
0.568161
0.558844
0.54896
0.538465
0.527308
0.515431
0.505648
0.496287
0.482026
0.473923
0.758589
10.8803
9.34246
3.89442
1.10503
0.590501
0.556332
0.521136
0.518949
0.749882
0.668516
0.778441
0.721752
0.809811
0.943353
1.50024
1.34747
2.51626
3.85608
1.04158
0.595822
0.505576
0.478771
0.471326
0.463417
0.455009
0.459285
1.25163
1.80893
0.737822
1.4705
0.903315
1.60553
3.00946
5.25132
1.54869
1.45501
1.88401
1.76573
1.21194
1.56195
1.29725
1.40322
0.507469
0.499172
0.49273
0.478609
0.469502
0.463618
0.452507
0.466873
2.24669
6.56813
2.80209
2.89185
3.29104
4.11744
4.88505
0.824841
0.905569
0.777718
0.605153
0.49254
0.582407
0.457447
1.17504
0.52261
1.20388
0.58213
1.2522
0.782058
1.58096
1.78193
4.55201
7.69556
2.39799
1.59096
0.673823
0.882849
0.890309
0.830258
0.709705
0.806721
0.742022
0.861723
0.776266
0.91694
0.812079
0.972253
0.82636
1.04211
0.8639
1.09243
0.901453
1.13933
0.938387
1.18206
0.97411
1.2199
1.00813
1.25355
1.11376
3.94941
2.09648
4.6126
2.71839
3.33689
5.56582
7.19666
6.61514
0.934768
0.71617
0.588411
0.530921
0.525831
0.52132
0.516213
0.510188
0.503801
0.497029
0.489843
0.482213
0.474106
0.465486
0.478548
1.02744
1.36039
1.99738
8.21569
6.5341
6.33793
1.71963
0.982765
0.590836
0.473231
0.467339
0.461327
0.454948
0.448178
0.440989
0.433351
0.425235
0.427269
1.58629
1.85497
1.81707
5.33188
2.47026
2.17414
1.29426
0.732487
0.611397
1.01827
0.51128
1.07369
0.545135
1.12926
0.58193
1.20228
0.599775
1.25551
0.636541
1.30602
0.673191
1.35285
0.709169
1.40147
4.02637
7.21213
3.14614
1.8653
1.56277
0.807936
1.13345
0.568907
0.782806
0.837603
1.07474
0.785915
0.453305
0.628415
1.74652
3.13843
2.2568
2.69076
1.07635
0.809589
0.632414
0.865939
0.664261
0.923275
0.697774
0.980633
0.732546
1.04274
0.765279
1.1287
0.848357
1.29907
1.00643
0.984521
1.04013
1.03126
1.07681
2.96962
3.62506
8.30803
3.77741
2.49401
0.914449
0.87876
1.48943
0.813833
0.910127
0.744394
1.17373
0.697161
0.887252
0.729356
0.942176
0.762751
0.996427
0.796916
1.05085
1.30037
1.24301
1.68618
4.82689
3.41716
1.59121
2.31905
0.928025
1.40869
0.857116
2.61503
3.54
3.08463
2.62375
0.90401
0.728667
0.567491
0.553049
0.507016
0.530115
0.508463
0.531462
0.510163
0.583674
2.27389
4.00678
2.58916
3.92314
0.786955
0.515287
0.459863
0.452283
0.444234
0.435684
0.426596
0.428482
1.60048
3.05961
2.43262
4.65588
1.42249
2.20626
1.52511
0.492263
0.864108
0.715624
0.896636
1.04137
0.929942
1.08674
0.961372
1.1272
0.990199
1.16416
1.06275
1.2115
1.1786
1.26612
1.17386
3.10216
4.92328
5.11322
1.18414
0.69797
0.550537
0.806924
0.579727
0.861551
0.610944
0.917357
0.643943
0.973565
0.678385
1.0316
0.87297
2.26521
2.32289
3.66554
1.71339
0.5525
0.499023
1.04202
1.05502
0.888825
1.46489
0.835372
0.71376
0.9571
2.82902
2.513
3.0935
1.47734
1.45485
0.899674
0.389006
0.878768
0.542079
0.884376
0.450635
0.590947
0.917834
0.516097
0.971943
0.551956
1.02625
0.589297
1.08296
0.663968
1.11973
0.800184
1.03534
0.837706
1.08353
0.874339
1.12844
1.82926
7.21756
4.57798
3.54369
1.82325
1.01858
1.00287
0.999507
1.09976
0.933956
0.802949
0.733449
0.802163
0.532899
0.850881
1.00345
2.91117
3.37603
10.8506
5.54218
0.861964
0.391513
0.378722
0.371982
0.376126
0.74774
0.664893
0.779904
0.71956
0.813645
0.774541
0.848564
0.828935
0.884148
0.886902
1.11337
2.97526
4.31462
4.24759
1.27418
0.730793
0.438897
0.424807
0.437046
1.19368
0.809829
0.7562
0.97083
0.676895
1.02364
0.711578
1.07479
0.746357
1.1235
0.780678
1.1821
3.24262
6.18733
3.20153
3.07646
1.01663
0.767497
0.773211
0.644733
0.827955
0.675064
0.883585
0.706655
0.939136
0.739074
0.993714
0.772842
1.15904
0.792075
1.1355
3.43203
7.23401
2.70091
2.82096
1.64844
0.919906
2.07957
3.85004
0.936095
1.31928
1.18448
0.922004
1.02937
0.52414
1.06149
0.593859
1.08014
0.627393
1.12976
0.677953
1.5253
1.15265
1.69915
0.759266
1.38415
0.569337
1.70718
0.848464
2.20483
3.23733
6.53696
10.1664
4.05073
1.01708
0.484028
0.45072
0.445765
0.440879
0.435702
0.430217
0.424405
0.418244
0.411711
0.404782
0.397431
0.389628
0.418071
1.42185
2.7993
2.15245
2.22912
2.03238
2.83451
2.07628
1.34158
0.875824
0.999882
0.438356
0.383626
0.37548
0.36683
0.357638
0.347868
0.34625
2.05164
5.15873
1.29988
0.526752
0.973971
0.588705
1.0275
0.621132
1.10649
2.14467
3.59881
2.03321
3.83657
1.27987
1.06977
0.656553
0.39647
0.38953
0.382169
0.374355
0.368447
0.366922
0.433944
1.66012
3.8685
1.11035
2.45283
0.774341
1.00356
0.657026
1.053
0.70368
1.50763
1.39154
2.72373
0.886697
1.46894
0.547044
0.66941
0.353921
0.345414
0.336378
0.326772
0.321673
0.351891
0.303084
0.334289
3.23196
9.82434
3.33318
1.15773
1.23545
1.01794
0.409342
0.337244
0.387648
0.700071
0.944654
0.717331
1.00544
0.751792
1.15868
0.900969
1.408
1.29357
1.43839
1.39487
1.94355
4.81697
2.21401
1.12012
0.526153
0.879386
0.53859
1.11637
1.11828
1.04986
1.01639
0.862374
0.748568
0.952562
0.828123
0.981213
0.867347
1.00755
0.90178
1.05924
1.59904
3.56141
4.81236
2.03634
0.872847
0.415124
0.381918
0.907459
0.447004
1.28027
1.61817
1.97985
4.25965
0.834235
0.334535
0.29704
0.289119
0.298168
1.1573
1.00633
1.11013
0.744494
1.06939
0.484084
1.1012
0.541859
1.15002
1.16823
1.61063
2.54205
1.71815
1.0095
1.32641
2.5875
1.92675
1.83227
5.70874
3.8882
1.48051
0.464313
0.624652
0.567548
0.572344
0.592872
0.624501
0.620115
0.678697
0.649091
0.734317
0.67953
0.790659
0.715512
0.990391
0.875899
1.0624
0.766751
1.02722
0.68905
1.07841
0.723099
1.46499
0.971009
2.2045
2.66013
2.72996
1.37233
1.37321
1.03137
1.10003
0.825311
1.01219
0.969805
1.04385
0.880676
1.0785
0.906401
1.11581
1.39519
2.81288
4.53417
3.88526
1.52131
0.923728
0.74667
0.918231
0.526198
0.842271
0.555257
0.893819
0.588582
1.1441
0.667683
1.0928
0.784031
1.13303
0.764383
1.22275
0.919317
2.97701
5.18707
7.70637
0.855666
0.68185
0.555486
0.514994
0.405478
0.398176
0.390428
0.382204
0.373469
0.364188
0.354325
0.373321
1.5953
2.15342
0.976389
0.847348
0.826749
1.52632
2.92707
4.69449
2.84083
2.79666
0.504824
0.904659
0.594904
0.711133
0.622225
0.764129
0.650842
0.817917
0.680399
0.871596
0.710466
0.924371
0.745548
1.39965
0.93867
1.26521
0.812766
1.89896
3.00799
8.1225
6.04354
0.871401
0.337431
0.296882
0.294326
0.518748
0.821586
0.499468
0.717692
0.526542
0.771686
0.555231
0.827159
0.832993
0.910717
0.819732
0.956025
0.849341
1.00503
0.927792
1.58097
2.2186
8.13347
1.7894
2.04246
1.08699
0.494587
0.720492
0.491073
0.77135
0.517956
0.823793
0.547456
0.990325
0.577607
1.0369
0.722826
1.57149
1.20273
2.04228
2.25
4.41913
3.27349
4.39494
5.11826
1.67841
0.790234
0.588866
0.427574
0.332425
0.315573
0.302194
0.2956
0.288607
0.28119
0.273319
0.264966
0.27957
1.50051
2.90504
1.54742
1.89408
2.29252
1.68464
2.09168
0.916826
0.83676
1.00462
0.367617
0.254331
0.245351
0.237071
0.228589
0.217847
0.206418
0.194253
0.196891
2.70943
9.00609
2.13653
1.10725
0.888627
0.274986
0.525493
1.0393
0.574412
0.799022
0.604772
0.85458
0.62585
0.909507
0.657516
0.963136
0.688979
1.02931
2.13734
6.20404
9.93806
2.29133
0.679644
0.331153
0.609032
0.378578
0.632944
0.428894
0.658837
0.487323
0.801803
0.504689
0.810718
0.626025
0.886156
0.880755
0.834387
0.777282
0.735751
0.797318
0.681387
0.858788
0.842657
2.23572
1.47901
2.26817
1.80228
2.56127
2.39419
3.35199
4.2494
1.41266
0.501649
0.620742
0.532939
0.802034
0.743596
0.651197
0.647929
0.708842
0.67839
0.766904
0.709589
0.824488
0.741018
0.880656
0.7721
0.934659
0.80576
1.74649
2.12428
6.88026
7.26739
2.76704
0.858217
0.371193
0.608047
0.483508
0.631934
0.532987
0.657596
0.584571
0.686368
0.948054
0.454544
0.314772
0.27729
0.288548
1.3274
1.70261
2.74746
7.60148
1.16041
0.333794
0.400895
0.746722
0.882907
0.519979
0.933802
0.512194
0.992825
0.523414
1.4316
1.70513
1.44227
2.13497
2.00384
0.502534
1.13051
0.44612
0.940058
0.476946
0.995032
0.508649
1.04939
0.54076
1.10221
0.572755
1.1524
0.604088
1.19951
0.665542
1.35161
0.746053
2.04263
1.31547
4.18291
5.35568
3.94571
0.702037
0.458458
0.495586
0.735497
0.493319
0.787607
0.52232
0.840818
0.552746
0.896189
0.805641
1.11403
0.857423
0.95601
0.959522
2.98589
2.94872
4.17008
4.02595
3.35901
0.767121
0.724915
0.690144
0.49591
0.714367
0.546735
0.740043
0.599147
0.769683
1.00193
0.645847
1.27244
1.7271
2.58953
0.762824
1.02566
0.458158
0.991354
0.490754
1.68572
1.72971
2.07167
2.25466
1.76465
2.44972
1.24512
1.64177
0.854239
0.657771
0.606446
0.710453
0.636195
0.763922
0.667139
0.81741
0.698811
0.870044
0.730677
0.920965
0.764792
1.48063
1.54629
4.57609
2.98859
3.17248
3.47722
1.68511
0.681843
0.529319
0.846896
0.515427
0.921413
0.622866
0.937853
0.814711
0.871381
0.528895
0.844716
0.557131
0.900563
0.586005
0.956051
0.615058
1.01021
0.646161
1.24334
2.04552
1.13283
1.66184
4.70633
4.15433
2.42441
1.66064
0.413647
0.687115
0.470736
0.792569
0.511238
0.822893
0.553754
0.855107
0.595867
0.886789
0.63544
0.913022
0.681511
0.947674
1.9585
2.34903
4.60146
5.91351
2.66332
0.51181
0.42474
0.312943
0.29874
0.289144
0.282011
0.274445
0.271619
1.04476
0.377664
1.00716
0.734016
0.696062
0.802627
1.53821
2.2455
2.79643
7.27657
1.45764
0.582503
0.547173
0.446319
1.11708
1.07485
0.75577
0.598858
1.05639
0.591462
0.758397
0.61991
0.812087
0.64921
0.865556
0.682833
1.48935
1.28774
3.96374
1.89153
3.60408
1.4565
0.999264
0.607886
0.786647
0.555244
0.838847
0.571523
0.891864
0.599094
0.974881
0.606274
0.997818
0.637393
1.04666
0.667947
1.09304
0.910106
2.98716
4.43564
6.40216
2.616
0.77835
0.585152
0.722063
0.439213
0.775146
0.497645
0.790941
0.52379
0.862133
1.15546
1.89014
2.26348
5.83523
6.16677
3.21103
0.817615
0.527505
0.50825
0.687593
0.40866
0.744506
0.433754
0.794493
0.460443
0.845965
0.488518
0.898253
0.517633
0.950604
0.549177
1.01906
0.645466
1.08785
0.640331
1.09218
0.712376
1.17011
1.28719
4.45701
6.58374
4.90321
2.65418
0.367717
0.427861
0.561266
0.667693
0.620482
0.674134
0.531379
0.742982
0.534792
0.796671
0.560576
0.851166
0.589512
1.24896
1.11803
2.54967
3.39578
4.11306
3.17473
1.87622
0.662461
0.302798
0.285537
0.277835
0.269666
0.266421
1.17527
0.92925
0.496103
0.2633
0.258382
0.345433
1.49173
5.4531
5.66316
4.02704
0.648397
0.455493
0.670788
0.505941
0.695274
0.55834
0.721066
0.61221
0.747851
0.666855
0.775277
0.721504
0.811138
1.14347
0.940833
1.33719
1.61458
1.43892
2.9235
2.97502
4.70604
2.6324
1.37146
0.696058
0.401671
0.255462
0.247562
0.239179
0.23028
0.245297
1.39105
1.62044
1.09843
1.27153
0.60068
1.47842
1.43047
4.29738
2.98109
3.74284
0.773464
0.275835
0.266482
0.632939
0.539322
0.658584
0.592272
0.68553
0.646408
0.715384
1.12536
1.17667
3.10402
3.90178
3.36194
3.09686
0.964623
0.407151
0.288409
0.260148
0.277025
0.930017
0.32964
0.956569
0.383544
0.983997
0.438089
1.01189
0.492501
1.0451
0.591964
1.66143
0.815677
1.41543
2.17746
2.56057
5.383
3.35852
4.45069
2.51096
1.2268
0.289597
0.275266
0.268045
0.267798
0.724199
0.518605
0.769836
1.1031
0.809968
1.1828
0.763159
0.946064
0.704792
0.764064
0.689526
0.819715
0.716631
0.874225
0.743132
0.92673
0.768515
0.976536
0.792333
1.02773
1.18968
2.42226
5.99824
3.49573
1.41507
0.623971
0.625965
0.408453
1.1245
0.433469
1.00882
0.547513
1.07832
1.21671
0.564614
0.442165
1.33618
1.14855
1.81496
1.9779
3.67607
2.72994
2.71029
0.62798
0.448936
0.6307
0.495789
0.687835
0.657016
0.852005
0.558853
1.18846
0.58816
0.799888
0.624351
1.07484
1.18909
1.33657
2.44724
3.94719
1.12059
0.96691
0.334252
0.281914
0.259044
0.250047
0.24049
0.230335
0.219539
0.208056
0.239841
1.8708
6.48823
1.54917
0.442611
0.5234
0.208872
1.24924
2.08919
0.583602
0.905953
0.613579
0.953128
0.784861
1.01406
0.829353
1.04222
0.88001
1.74699
1.06646
1.6618
1.61844
1.39968
1.58051
2.31411
2.50391
1.6462
0.547182
0.885044
0.35178
0.939238
0.38155
0.99377
0.41214
1.04779
0.44307
1.10539
0.69783
2.18879
1.62016
2.03048
2.5884
1.17199
0.268646
0.267034
0.806224
1.52912
2.04766
3.42719
1.36638
1.03307
0.580786
1.06058
0.315794
0.215964
1.37162
2.99731
1.44095
1.2036
0.868633
0.497291
0.815463
0.554347
0.842056
0.611459
0.868566
0.667763
0.919291
1.68871
1.49088
3.67764
2.82958
2.47759
0.299776
0.261861
0.895499
0.316934
0.920481
0.373609
0.946258
0.431221
0.972409
0.488956
0.998449
0.545955
1.02386
0.601346
1.0481
0.654299
1.07068
0.704098
1.09118
0.750538
1.32774
5.19706
9.59937
3.38407
1.60552
1.30682
0.505834
0.375313
0.896853
0.365467
0.799106
0.38935
0.850516
0.414389
0.903048
0.440269
0.956015
0.469795
1.20267
0.900575
1.85449
1.80673
4.42369
5.48905
5.36002
0.962205
0.470469
0.509843
0.344403
0.364154
0.336659
0.65775
0.85207
0.495021
1.15994
0.377077
1.05691
0.440472
1.35769
0.636257
1.80083
0.425198
0.617206
0.245936
0.235717
0.233623
0.731379
0.899898
0.945843
1.28345
6.23048
6.2393
5.49618
1.7295
0.512801
0.448208
0.461507
0.468222
0.50689
0.489882
0.555084
0.490169
0.626905
0.514869
0.679044
0.540779
0.732496
0.567585
0.786601
0.594905
0.840639
0.622311
0.896447
0.840496
1.36313
2.87461
6.37511
5.08452
3.34064
0.400038
0.568942
0.622581
0.465261
0.672422
0.491979
0.722422
0.519111
0.772336
0.546261
0.821527
0.583273
1.25146
0.575267
1.15896
0.700404
1.31393
0.595824
0.997862
0.682869
1.33642
1.12403
1.28003
1.12311
1.63227
2.61718
2.17036
3.24708
4.03985
4.06853
2.41536
0.5446
0.278705
0.246898
0.386078
0.791104
0.60438
0.611874
0.661694
0.630191
0.694668
1.01228
2.74058
2.9657
5.20645
1.10791
0.411728
0.35443
0.261619
0.239975
0.233821
1.00622
0.291967
1.03059
0.348318
1.05599
0.403971
1.09145
2.26337
4.7049
4.72351
1.63204
0.364841
0.251511
0.880245
0.419255
0.842073
0.478102
0.858841
0.357917
0.889707
1.06924
1.14175
2.59165
1.83576
1.282
0.53603
0.641278
0.577995
0.675351
0.603303
0.732683
0.648866
0.764013
0.674862
0.818079
0.705523
1.05316
0.818218
1.5969
4.84364
8.00288
5.31899
2.25597
0.397341
0.302695
0.532924
0.524316
0.700317
0.520571
0.749135
0.495284
0.76375
0.731773
0.795238
0.52751
0.823716
0.873423
0.853054
0.777986
1.06551
4.75371
4.87704
2.80376
0.833393
0.909111
0.331251
0.25877
0.240962
0.248044
0.516246
0.810989
0.486355
0.864674
0.51172
0.918351
0.536989
0.973765
0.917501
1.61742
2.41759
6.07551
2.54547
1.30232
0.512298
0.645096
0.443711
0.69495
0.468713
0.746542
0.494891
0.799242
0.521908
0.852394
0.549346
0.905167
0.57674
0.95681
0.60433
1.2923
1.5474
1.67272
1.68738
2.72444
7.01647
4.71335
1.4022
0.798101
1.40597
0.268835
0.243376
0.235135
0.226392
0.229831
0.62806
1.06635
0.661301
1.25139
1.756
2.64432
2.32628
2.47017
3.0264
1.83705
1.92624
0.976681
0.283161
0.21739
0.195499
0.178884
0.182063
1.09576
0.902187
0.362169
0.187892
1.20529
0.441618
0.95838
0.498058
0.983849
0.553436
1.01202
1.65962
2.04148
3.66566
1.27897
1.18108
0.730751
0.99597
0.43041
0.852629
1.1948
1.02533
0.649037
1.01891
0.78038
1.0679
0.760532
1.12807
0.803029
1.1034
0.957419
1.06684
0.882738
0.967297
1.05426
2.99844
4.04355
3.59237
1.20593
1.03879
0.699986
1.00291
0.289237
0.784605
0.446554
0.839776
0.472746
0.89518
0.49936
0.950002
0.532527
1.2618
0.620012
1.40555
1.37437
3.91864
5.37641
5.38718
1.20911
0.624656
0.367968
0.819168
0.258545
0.237348
0.232184
0.221096
0.20708
0.211821
1.19343
2.89193
1.57602
1.92192
1.56104
1.21007
0.278254
0.753938
0.387922
0.807877
0.412465
0.862914
0.437471
0.918392
0.462543
0.973573
0.487249
1.03336
0.738836
1.10474
0.697431
1.48524
1.21191
1.86938
1.03014
1.32975
0.980977
2.10774
5.05605
2.3312
2.03516
0.328084
0.240965
0.798959
0.382485
0.755714
0.496617
0.780113
0.550341
0.804886
0.604241
0.829595
0.657546
0.860481
1.07752
0.919604
2.57663
3.66186
4.62762
4.86705
1.78735
0.582173
0.896148
0.270618
0.256878
0.279796
0.870372
0.33201
0.892632
0.385834
0.915291
0.440619
0.937945
0.495675
0.960144
0.550203
0.98142
0.60352
1.00134
0.654946
1.02547
1.94764
1.40165
5.09766
5.76753
2.02481
1.47699
0.623228
0.563785
0.750545
0.468036
0.802449
0.499754
1.06881
0.677282
0.979899
0.721861
1.3637
0.872525
2.02747
2.14324
4.02494
3.07026
0.623495
0.440681
0.840987
0.272567
0.798507
0.392663
0.850151
0.418386
0.902533
0.444733
0.95488
0.471275
1.01431
0.498169
1.05951
0.523782
1.10674
0.548228
1.15983
1.01606
2.58955
5.28102
7.49158
1.41799
0.733065
0.361158
0.479935
0.595435
0.522922
0.562857
0.61862
0.585125
0.670675
0.610453
0.806446
1.25258
2.25117
1.37607
3.8648
2.74843
2.14808
0.37293
0.232153
0.223742
0.214138
0.509154
0.689668
0.532508
0.744957
0.556288
0.800884
0.5801
0.856664
0.603487
0.911535
0.625992
0.964637
0.647154
1.01513
0.671154
1.50037
1.26637
3.58823
7.66533
6.44037
2.83795
0.654331
0.576642
0.317594
0.621892
0.337147
0.669858
0.35803
0.720219
0.38009
0.772568
0.403107
0.826356
0.426794
0.88092
0.455356
0.99519
0.591538
1.05119
0.615247
1.22792
0.975403
1.67698
2.80064
5.97786
12.091
1.52076
0.466892
0.308039
0.226692
0.204555
0.199095
0.211406
0.810103
0.233423
0.860898
0.256609
0.920072
0.516711
1.05871
1.66309
1.44876
0.462146
0.990988
0.447055
0.868338
0.472611
0.922205
0.502682
1.4535
3.14382
4.13239
3.89777
3.04514
1.32304
1.82641
0.254812
0.226112
0.223604
0.210165
0.221297
1.09939
0.555325
0.711489
0.712204
0.659778
0.691527
0.87475
3.73684
6.18313
3.38149
1.30894
0.728904
0.371082
0.667166
0.392152
0.717036
0.414248
0.768733
0.441328
0.978216
0.424193
0.898291
0.44753
0.951732
0.479409
1.32886
0.625652
1.91214
1.84198
5.86613
4.33733
0.329745
1.00695
0.739582
0.401369
0.776577
0.519954
0.88919
0.499607
0.705676
0.524217
1.18318
2.15378
3.87159
4.99231
2.04032
1.24946
0.716393
0.175334
0.166893
0.159081
0.150799
0.142018
0.14039
1.21115
1.37945
0.632324
0.626461
0.56412
0.68267
0.590046
0.739193
0.61607
0.795165
0.641712
0.84969
0.686909
2.82515
3.03809
5.52707
1.33977
0.576732
0.488669
0.490102
0.589569
0.469908
0.612255
0.524376
0.63592
0.580386
0.66184
0.859473
0.99793
1.82888
1.94927
5.26859
4.02582
1.68843
0.33292
0.269335
0.670045
0.347017
0.69126
0.399195
0.718555
0.519076
0.701276
1.19333
1.75594
1.83451
3.06138
1.23484
0.945964
1.52138
0.263709
0.801895
0.318376
0.855231
0.343013
0.909599
0.36815
0.964291
0.393377
1.01847
0.418282
1.07267
0.581351
1.36761
1.64306
3.661
3.99077
4.29291
0.559289
0.491726
0.516822
0.490462
0.58991
0.513593
0.642925
0.537689
0.69719
0.562425
0.751979
0.587406
0.813803
1.10368
2.96813
5.9931
2.68548
1.40292
1.06464
0.243707
0.317419
0.722741
0.400068
0.745586
0.454132
0.768941
0.509249
0.792402
0.564707
0.834278
1.49186
3.08204
6.86472
0.565277
0.435202
0.787985
0.384572
0.759437
0.470538
0.674165
0.543317
0.752216
0.553411
0.827196
0.816674
1.23913
0.858202
1.11025
1.33561
1.33671
1.55925
1.3032
1.88756
1.18995
0.952489
0.839632
0.569002
1.08896
0.7914
2.48286
2.53856
3.18424
2.05964
0.940244
0.257899
0.237815
0.874941
0.463478
0.704193
0.582151
0.640206
0.710889
0.583949
0.769937
0.752282
0.817502
0.629025
0.872535
0.790836
1.47152
1.74728
3.59573
3.1268
3.82212
0.928534
0.684012
0.333841
0.730692
0.358783
0.783862
0.382479
0.838231
0.406725
0.893182
0.431105
0.947827
0.467517
1.83418
3.26692
4.27666
2.8172
2.664
0.299223
0.236428
0.836656
0.259679
0.888414
0.285711
1.04278
0.204947
1.09606
0.230339
1.14901
0.255607
1.20083
0.280329
1.25069
0.304137
1.29784
0.326674
1.34165
0.347649
1.38171
0.366881
1.43296
2.66978
10.0792
7.44438
1.25446
0.633561
0.521695
0.340229
0.296403
0.270234
0.222081
0.199023
0.188053
0.552267
0.827993
0.62196
1.25734
0.961967
0.661717
0.882392
0.599142
1.36616
2.19351
1.91252
3.46952
4.74163
2.06895
0.236275
0.507544
0.708081
0.259088
0.688419
0.28078
0.739487
0.303669
0.792671
0.32754
0.847336
0.352073
0.90285
0.376891
0.958462
0.401583
1.01327
0.42571
1.06639
0.448856
1.11708
0.475553
1.51136
1.38157
4.42573
7.32623
6.44975
2.05074
0.491013
0.155526
0.165023
0.706771
0.295719
0.724899
0.342111
0.90791
0.404504
0.778137
0.771107
0.703252
0.803899
0.859149
0.745725
0.920573
0.791078
1.02239
0.792858
1.12336
0.787635
1.24181
1.91563
6.03552
7.06832
3.13138
0.536319
0.417238
0.410895
0.493511
0.432423
0.541675
0.4828
0.564006
0.535335
0.587225
0.589513
0.611015
0.644804
0.635007
0.700408
0.66196
0.841542
0.845881
1.14871
2.40066
6.06523
6.40815
4.65227
0.566842
0.223521
0.179431
0.742988
0.370605
0.60573
0.420937
0.627663
0.473511
0.650556
0.527862
0.674115
0.584762
0.723236
0.670181
0.695119
0.731913
0.904121
0.821003
0.913448
0.815777
0.923175
1.69449
4.73493
4.33558
2.89741
1.07867
0.825703
0.476698
0.521244
0.431392
0.603833
0.483319
0.625886
0.53717
0.648633
0.592539
0.671724
0.648519
0.694735
0.704389
0.717218
0.763465
1.21144
2.33497
1.71559
2.46179
1.94882
0.91531
1.86701
1.18099
2.01134
2.67043
1.92982
0.326813
0.225343
0.659728
0.47115
0.682642
0.527439
0.705822
0.584537
0.728844
0.641647
0.751254
0.70143
1.00679
2.63351
6.58728
6.07353
0.771964
0.633346
0.403526
0.483471
0.46743
0.503817
0.517848
0.525318
0.570569
0.547763
0.625063
0.570844
0.680672
0.59419
0.736667
0.617366
0.792253
0.639919
0.846603
0.661387
0.898892
0.681371
0.948421
0.699519
1.00181
1.15664
2.57846
6.18863
4.81286
2.31814
2.6718
0.520393
0.50628
0.644825
0.998762
0.223362
0.197359
1.01847
1.86966
1.11154
2.13684
0.565626
1.19817
0.535697
0.647363
0.456392
0.700894
0.479428
0.755751
0.502726
0.811154
0.525897
0.86672
0.699242
0.92781
0.685956
0.990537
0.671262
1.092
1.59193
2.83277
3.60587
1.40433
2.79649
5.71055
2.10092
0.504827
0.227223
0.753604
0.279176
0.774069
0.331614
0.795781
0.385855
0.817818
0.44458
0.944469
1.47317
5.12057
4.61491
3.05073
1.68807
0.492831
0.511582
0.290134
0.630576
0.394746
0.586664
0.415871
0.638342
0.437958
0.691999
0.460721
0.747041
0.48381
0.802784
0.50682
0.858464
0.537726
1.38475
0.583689
1.55568
1.8029
1.60413
0.98751
1.29446
0.886543
1.52141
0.687438
1.55398
1.43083
2.14297
1.66106
2.01212
4.59016
3.98616
1.51678
0.5714
0.465319
0.412616
0.584932
0.47426
0.590607
0.54157
0.612703
0.595357
0.642607
0.836183
0.677782
0.979665
0.579535
0.802983
0.601909
0.857129
0.623389
0.909645
0.643556
0.959831
0.662862
2.55443
5.18537
3.85876
0.834818
0.342666
0.263868
0.202407
0.185764
0.205257
0.944387
1.66744
0.6112
0.68802
0.516787
0.850154
0.534114
1.30485
0.574705
0.916974
0.947546
1.06459
0.787085
1.4338
0.537172
1.51212
2.11009
5.09576
5.21037
6.17576
3.84273
1.27669
0.268064
0.492897
0.330539
0.566464
0.484386
0.504113
0.535645
0.526689
0.592072
0.641753
0.662085
0.643169
0.760484
1.471
2.7194
4.82361
3.17266
0.568624
0.732734
0.240262
0.7828
0.261934
0.834972
0.284484
0.888733
0.307598
0.943434
0.330895
0.998412
0.353968
1.05782
0.71804
1.24562
0.774117
1.3342
1.70596
3.18121
6.57496
2.82802
0.298045
0.725306
0.294948
0.852945
0.385756
0.916535
0.676354
0.847792
0.571743
0.940646
0.573655
1.02159
0.673554
1.021
0.765376
1.02454
0.553451
1.22053
0.797978
1.63257
4.96509
6.22477
3.8665
2.59499
0.561386
0.516519
0.611529
0.358289
0.662559
0.46129
0.758523
0.488131
0.83091
0.72746
0.922143
0.552388
1.08415
0.494863
1.16886
0.352545
0.899568
0.405557
0.955537
0.426128
1.01073
0.445589
1.06434
0.463594
1.11568
0.479868
1.17343
1.34485
7.62821
8.30945
2.51516
0.536368
0.270369
0.598836
0.315137
0.617673
0.362676
0.637615
0.412745
0.662202
0.557589
0.684217
0.969605
0.342921
0.357308
1.17724
2.09978
1.4707
4.16961
3.56412
1.26021
0.530189
0.501529
0.496278
0.552081
0.51748
0.604766
0.539321
0.659013
0.566756
0.774311
0.602157
1.05641
0.556927
1.13059
0.719553
1.49858
0.835967
1.37625
1.21161
1.93479
0.775877
1.05354
0.767742
1.87527
1.08518
1.90134
1.1145
0.738466
0.544812
0.793524
0.574224
1.23656
2.70348
4.28736
4.0662
2.47306
0.734571
0.518549
0.375012
0.531726
0.468264
0.593495
0.480287
0.653789
0.492308
0.918578
0.637044
1.10028
0.531802
1.07074
0.400342
1.00195
0.739014
0.980537
0.767482
1.16711
0.967913
1.43347
5.00317
6.57857
6.83932
1.36084
0.260308
0.1372
0.126621
0.172267
0.770013
0.945055
0.283185
0.637987
0.395079
0.600946
0.448209
0.622617
0.503366
0.644686
0.559973
0.666764
0.617385
0.688418
0.674826
0.709187
0.731463
0.728635
0.786471
0.746368
0.841917
1.92471
9.27581
6.28756
2.06211
0.381932
0.22224
0.206195
0.743761
0.281498
0.733889
0.544539
0.592267
0.501863
0.612958
0.557145
0.633762
0.613613
0.654259
0.670655
0.674018
0.740437
0.960205
0.973406
1.28572
1.98097
2.36419
4.26844
7.32646
2.87548
0.349437
1.01729
1.0525
0.726038
0.494851
0.613529
0.483907
0.667905
0.506189
0.723613
0.529195
0.779769
0.553766
1.09809
0.564414
0.864846
0.588569
1.23377
0.61161
1.18472
0.536591
1.06837
0.932208
2.52352
5.27965
5.25256
1.87102
0.729424
0.503315
0.589822
0.435932
0.651949
0.616094
0.535691
0.62913
0.595844
0.643898
0.657744
0.664749
0.720902
1.36917
3.43772
3.18376
3.71105
5.58174
2.615
0.583857
0.336752
0.213167
0.208161
0.188263
0.176046
0.166858
0.182272
1.03994
0.444113
0.811501
0.579062
1.01637
0.672473
0.963053
2.04997
6.17799
3.7566
1.10449
0.418168
0.524127
0.45153
0.535085
0.533056
0.561972
0.650572
0.553109
0.709532
0.577007
0.774107
0.579443
0.861999
0.625073
0.890961
0.60731
0.95164
1.14759
1.11312
1.29925
3.33739
8.02259
4.25824
0.728468
0.360659
0.284813
0.237906
0.657101
0.288548
0.610596
0.384896
0.66203
0.40791
0.716132
0.430869
0.77793
0.753927
1.13997
1.83661
4.58596
1.81991
2.89846
1.08314
0.445824
0.385986
0.582782
0.41437
0.639307
0.430199
0.6982
0.446018
0.7589
0.465322
0.84997
0.85414
0.931391
0.631081
1.68439
1.84912
2.76186
0.381229
1.34336
0.342269
0.94992
0.361653
1.01126
0.696165
0.947552
0.736651
1.44873
4.28668
2.78549
0.711286
0.595332
2.28763
3.11547
1.92608
0.933332
0.525735
0.469225
0.546791
0.523007
0.568345
0.579016
0.589576
0.636291
0.610678
0.921891
0.567622
0.783679
0.587529
0.840543
0.606931
1.17028
0.797025
1.19612
1.89765
4.45206
5.74838
2.42723
0.375202
0.608018
0.271867
0.658491
0.289017
0.714299
0.310888
0.768565
0.333445
0.824392
0.356342
0.881092
0.379178
0.93791
0.401509
0.994088
0.434841
1.33623
0.932943
4.165
5.64805
5.67349
0.490819
0.31478
0.67601
0.360707
0.612324
0.408196
0.572384
0.485578
0.647576
0.634009
0.745937
0.605469
0.735109
0.479638
0.790835
0.502524
0.846421
0.538335
2.06777
3.12349
4.21951
3.02348
0.802721
0.384244
0.601037
0.46137
0.553432
0.480184
0.60687
0.503422
0.678132
0.501264
0.73361
0.521819
0.789691
0.541724
0.845664
0.560651
1.02656
0.621584
0.994078
0.653446
1.06291
0.865302
1.6781
5.44511
11.1152
7.6988
1.62341
0.385352
0.169355
0.130353
0.124085
0.117446
0.111041
0.103779
0.11062
1.00215
0.858839
0.365638
0.857024
0.254467
0.922637
0.277307
0.979078
0.29983
1.03538
0.321593
1.09074
0.342182
1.15204
0.530131
2.93268
8.51866
5.94217
3.0329
1.55879
0.221615
0.156173
0.646371
0.468136
0.397583
0.416997
0.515459
0.468561
0.53605
0.52251
0.557894
0.577578
0.583888
0.880554
0.863558
1.0091
0.54753
0.737762
0.568745
0.794727
0.588904
0.85064
0.609273
1.06903
1.08101
3.12644
2.86822
1.86911
0.626324
1.12841
0.627995
0.680973
0.479316
1.25591
0.550149
1.23482
0.683423
1.10821
0.703654
1.28586
0.997547
3.3618
5.8521
4.04973
1.3307
1.16946
0.378692
0.49459
0.448706
0.442178
0.568444
0.49608
0.589396
0.551832
0.615121
0.670544
0.639162
0.709407
0.654428
0.799957
0.951971
2.51608
6.15773
5.375
1.66344
1.28849
0.324263
0.189069
0.15822
0.157337
0.877327
0.38862
0.679804
0.450263
0.689963
0.521545
0.687813
0.598865
0.70619
0.656517
0.723334
0.713774
0.738812
0.791186
1.39116
3.34216
7.14866
3.14515
1.49713
0.425123
0.774202
0.484199
0.6212
0.676122
0.723323
0.749849
0.725369
0.846371
1.04529
1.16791
2.48644
3.59587
1.92735
1.37066
1.46121
2.57708
0.717967
0.804302
0.771133
0.241509
0.792172
0.294965
0.813557
0.350252
0.834899
0.406767
0.855735
0.463833
0.875593
0.520712
0.89402
0.588396
1.34441
2.01416
3.30305
5.51018
1.16836
0.627611
0.56314
0.360283
0.62652
0.413342
0.644166
0.470788
0.671191
0.724312
1.41668
0.607457
0.650582
0.662587
0.67524
1.01779
1.25063
1.67037
3.19276
4.8563
1.32394
1.04529
0.414228
0.213131
0.163841
0.155073
0.14517
0.152292
1.05246
0.944796
0.591329
1.26991
1.07091
1.39285
1.58717
2.15649
3.1007
2.8483
1.79767
0.910947
0.145421
0.190071
0.124677
1.07726
1.23474
0.311635
1.22103
0.437326
1.01602
0.535047
0.794994
0.488334
1.06665
0.517664
1.87
1.06942
1.18546
0.249019
0.281447
1.20281
2.01559
4.03955
4.73753
1.11685
0.584716
0.28838
0.711402
0.266045
0.764406
0.290912
0.819027
0.316096
0.874684
0.341175
0.930603
0.365677
0.985908
0.389152
1.03982
0.41113
1.09374
1.0553
1.36315
1.21891
3.70728
4.08217
4.08685
0.955469
0.626367
0.285642
0.576495
0.418579
0.611763
0.438054
0.670174
0.46194
0.726271
0.485763
0.782777
0.50907
0.838844
0.531382
0.905025
0.847275
1.55861
1.93543
2.93147
4.96125
6.46866
3.3789
1.05242
0.481445
0.476903
0.380205
0.431894
0.460977
0.506575
0.486506
0.557598
0.512842
0.61004
0.539972
0.670373
0.559965
0.731013
0.579175
0.791113
0.597156
0.849809
0.613488
0.906265
0.627815
0.959841
0.639894
1.02572
1.11771
6.53082
7.86056
1.99276
0.421145
0.416963
0.520248
0.525725
0.587538
0.666359
0.587657
0.650071
0.668337
0.751459
0.706316
0.864163
0.70647
0.953472
0.701293
1.04466
0.658882
0.960484
0.842988
1.22515
1.85109
2.56343
3.00607
1.53462
1.80703
1.88169
1.20769
1.3222
0.220288
0.22046
1.09978
2.86328
1.5831
2.08606
0.914306
0.491794
0.382355
0.586498
0.646379
0.626329
0.416294
0.684513
0.437074
0.744056
0.457625
0.810624
0.53077
1.20836
1.57896
1.14916
0.624631
1.16356
0.603329
1.75064
1.65615
1.37927
0.387343
1.13234
1.05286
1.01761
0.277056
1.07724
0.293141
1.16924
2.1232
5.45957
4.31978
3.08569
0.404687
0.489517
0.422006
0.430507
0.487759
0.374729
0.621304
0.432384
0.641275
0.500442
0.69891
0.597847
0.651015
0.613153
0.670259
0.675251
1.42401
1.20891
2.56232
1.67737
0.84639
0.915363
1.36492
4.82804
5.75612
3.47372
2.53097
0.817439
0.235885
0.623149
0.254058
0.676669
0.273367
0.732726
0.293881
0.790745
0.314603
0.851167
0.958231
1.19772
0.614932
1.08785
0.503425
1.07328
0.259538
1.1312
0.27837
1.1875
0.295325
1.29096
2.00346
6.71039
5.20666
2.02307
0.758636
0.630874
0.301926
0.552612
0.38121
0.508021
0.348121
0.708299
0.367204
0.765921
0.386158
0.82476
0.407411
1.22504
0.547189
1.57851
0.42168
1.12876
0.634434
1.29638
0.519854
1.36722
0.340712
1.06353
0.716766
1.19508
0.573445
1.61327
2.34206
3.62355
3.18289
2.2363
0.37726
0.518631
0.443955
0.469721
0.452152
0.631057
0.47142
0.689491
0.490834
0.749039
0.509996
0.80892
0.528465
0.873186
0.651105
1.54508
3.12802
3.32135
3.68184
4.22636
0.932995
0.634139
0.56
0.612362
0.37973
0.570199
0.475219
0.629483
0.494245
0.686967
0.513011
0.754005
0.744777
0.841064
0.491447
0.918632
0.618919
0.947504
0.499607
1.00351
0.516107
1.1821
0.702892
1.11963
0.608394
1.56334
5.84353
7.23001
1.92889
1.20225
0.561628
0.455085
0.24722
0.415351
0.159483
0.106314
0.0970934
0.103516
1.10823
0.770464
0.605106
0.659369
0.622982
0.719702
0.639621
0.77948
0.654615
0.837894
0.667615
0.899647
1.07131
1.67956
4.57926
9.12747
1.43932
0.419577
0.553758
0.391864
0.522875
0.449647
0.829331
0.47904
0.598207
0.514323
0.604874
0.567189
0.61817
0.619474
0.62952
0.692566
1.03717
0.972679
2.10509
6.14769
5.70875
2.18263
0.818256
0.27028
0.568308
0.320559
0.583293
0.376005
0.602283
0.431233
0.621843
0.488574
0.641659
0.547425
0.661348
0.607089
0.680453
0.666723
0.698503
0.7255
0.715052
0.782628
0.729701
0.83733
0.742136
0.888966
0.752161
0.944566
1.45935
9.96944
8.43362
1.30887
0.479879
0.300949
0.432067
0.453893
0.447123
0.504998
0.461674
0.55975
0.479451
0.61479
0.501208
0.960599
0.461519
0.758269
0.478624
0.816587
0.4961
0.953875
0.512084
1.89609
1.91859
4.43399
2.2758
1.21284
0.612343
0.584859
0.552792
0.64481
0.562646
0.703136
0.577203
0.959946
0.890723
1.57088
1.24986
0.775961
0.371274
0.821838
0.380097
0.907584
0.388028
1.01267
0.403673
1.17237
2.21743
5.14708
2.3352
1.00604
0.612289
0.433958
0.699004
0.494713
0.707896
0.580344
0.801657
0.591504
0.71792
0.646491
0.717719
0.641998
0.739724
0.583254
0.755925
0.669443
0.764011
0.718605
0.786355
0.808595
0.783461
0.849472
0.777286
1.31388
0.714311
2.51241
6.00481
11.1702
5.3049
2.53626
0.564886
0.400956
0.317151
0.443443
0.330574
0.491419
0.344832
0.544502
0.362669
0.598023
0.381185
0.654166
0.400116
0.712447
0.419117
0.77219
0.437788
0.832689
0.455699
0.90365
0.890467
1.19965
2.41328
3.33824
0.995234
0.717151
0.493255
0.650539
0.576883
0.97833
0.679777
0.815438
0.616205
0.682993
0.631519
0.743047
0.645154
0.802402
0.656751
0.86034
0.66602
0.916271
0.672842
0.969504
0.677192
1.05838
2.68491
6.86782
6.44801
2.83895
1.17909
0.450074
0.290027
0.19003
0.235456
0.805216
0.455606
0.775362
0.264932
0.878509
0.230535
0.940124
0.245402
1.00274
0.259475
1.10491
1.22541
3.8905
3.49224
4.10115
4.27751
1.25595
0.458922
0.539376
0.362396
0.5731
0.39179
0.629824
0.406693
0.689369
0.421643
0.750899
0.436225
0.813718
0.450033
0.877116
0.462642
0.944612
0.592426
2.30075
3.05562
4.08357
1.43651
1.11064
0.720331
0.587616
0.42866
0.694519
0.455194
0.689685
0.47327
0.746934
0.490949
0.805189
0.50768
0.874225
0.709032
1.64481
1.79244
3.43258
8.30014
7.05581
1.67843
0.370029
0.212436
0.192103
0.146452
0.172557
0.735515
0.187376
0.790515
0.205894
0.84704
0.222513
0.897032
0.241674
0.954845
0.260611
1.01336
0.278931
1.07182
0.296205
1.12969
0.664139
1.81398
3.65959
5.69624
1.5141
0.52402
0.303908
0.192704
0.150926
0.860425
0.180912
0.962227
0.272166
0.896768
0.407874
0.793285
0.422657
0.857625
0.440851
0.917784
0.457906
0.976759
0.473405
1.04567
1.26806
4.34365
5.59984
3.86424
2.76033
1.06004
0.323285
0.50801
0.394083
0.561328
0.411416
0.615547
0.429268
0.672097
0.447138
0.730473
0.46463
0.790031
0.481317
0.850035
0.496785
0.90976
0.510617
0.968483
0.522461
1.02528
0.532058
1.09135
1.46435
3.64348
4.92117
3.99987
3.90864
1.44277
0.372769
0.641834
0.275687
0.586211
0.395479
0.643792
0.413321
0.69958
0.431099
0.757025
0.44843
0.815424
0.464884
0.874185
0.480051
0.932632
0.493585
0.989939
0.5093
1.7781
3.96872
9.16696
0.610665
0.439128
0.528698
0.656658
0.34399
0.655409
0.361018
0.711434
0.382749
0.924091
0.988909
1.39739
0.920744
0.899254
0.511094
0.745762
0.52733
0.805898
0.542366
0.865928
0.555791
0.925093
0.567247
0.982652
0.576458
1.04525
1.41788
3.91052
8.93524
3.82722
1.06383
0.581217
0.459847
0.380152
0.583693
0.329168
0.695694
0.385771
0.713288
0.507264
0.7149
0.516688
0.73898
1.61325
2.94349
2.10552
0.952042
0.855985
0.585689
0.762872
0.73085
0.805953
1.32895
0.796262
0.592701
1.13369
1.17395
2.60391
2.32014
5.08811
1.60513
0.85109
0.339862
0.516777
0.451944
0.697182
0.372376
0.754908
0.390584
0.814145
0.408293
0.874251
0.42508
0.936401
0.522092
0.908383
0.5356
0.966993
0.548999
1.17824
1.37196
1.93821
6.834
4.55024
1.77874
0.87108
0.36197
0.334609
0.580404
0.426249
0.635042
0.443633
0.691809
0.460785
0.750126
0.477291
0.809455
0.492706
0.86916
0.510729
1.02237
0.854053
1.44651
0.489055
2.16812
0.318299
0.212762
1.04832
0.413568
1.10599
0.423069
1.17175
2.01616
6.73339
9.32323
3.13073
0.384029
0.448486
0.440334
0.423064
0.456133
0.47369
0.472713
0.527168
0.489878
0.58398
0.488194
0.657643
0.505741
0.716985
0.522841
0.777093
0.539047
0.837164
0.553946
0.896377
0.567103
0.953873
0.582677
1.37669
3.61543
14.3901
9.99992
1.36304
0.483243
0.30961
0.461425
0.353839
0.476891
0.401172
0.49321
0.451592
0.510199
0.504919
0.527613
0.56079
0.54514
0.618717
0.562398
0.683403
0.798396
0.654324
0.831927
0.830498
0.686513
0.914266
1.20026
1.11482
0.848484
1.02992
0.914236
2.07595
3.75677
14.0868
5.98776
0.933328
0.262186
0.533375
0.208721
0.523108
0.297102
0.578909
0.314306
0.632382
0.332245
0.688585
0.350599
0.747051
0.369088
0.807213
0.387324
0.86834
0.404872
0.929689
0.421289
0.990426
0.436151
1.04969
0.44909
1.10669
0.4684
1.67463
4.96617
8.02271
4.17926
1.47837
0.559968
0.383824
0.448543
0.349307
0.564556
0.401181
0.580672
0.455922
0.597106
0.513195
0.613532
0.57558
1.1572
1.33076
0.858962
1.31103
1.30833
1.9465
2.10642
2.55971
1.12057
1.88232
0.953878
0.707782
0.526877
0.666354
0.698877
0.743711
0.857705
0.651755
0.830869
0.704733
0.86817
0.783673
1.03213
1.17119
0.990591
0.83905
0.802105
0.992869
0.844922
1.75768
3.27963
1.824
0.33815
1.06055
0.650003
0.587698
0.665088
0.647566
0.678779
0.707782
0.690727
0.767664
0.700566
0.826573
0.708021
0.883871
0.712916
0.939046
0.73544
2.28693
4.62192
10.6881
4.37804
0.81607
0.16741
0.545576
0.355986
0.440627
0.406161
0.456041
0.460252
0.473463
0.501074
0.49026
0.559969
0.520741
1.28053
0.630581
0.834385
0.505912
0.791982
0.370955
0.854204
0.388087
0.922468
0.719405
1.81246
1.74014
3.42031
0.313218
0.745088
0.376581
0.77979
0.331237
0.842192
0.349158
0.924926
2.00339
3.33472
2.39854
1.70265
0.613363
0.213537
0.137397
0.137702
0.94253
0.201145
0.962694
0.264589
0.969585
0.33041
0.982562
0.396613
0.993625
0.470876
1.03956
0.541993
0.987253
0.604319
0.990821
0.673109
1.07778
4.51057
10.0558
7.18645
1.01976
0.2795
0.15735
0.127961
0.0889315
0.152515
0.791197
0.169797
0.848549
0.18741
0.908238
0.205026
0.969686
0.22225
1.03221
0.238624
1.11899
1.24164
1.00169
1.25688
1.09413
0.370334
1.43624
0.91742
1.7294
2.76424
4.63657
4.74396
0.848725
0.312251
0.225561
0.117385
0.0650905
0.879931
0.0827055
0.939894
0.100814
1.00193
0.119076
1.08321
0.263728
1.00337
0.269547
1.07585
0.28434
1.12087
0.299016
1.21139
1.52871
3.02583
7.16341
2.56539
0.270431
0.195327
0.130631
0.772546
0.306695
0.665094
0.415711
0.819777
0.401675
0.711891
0.465905
0.727215
0.531661
0.741348
0.598204
0.753811
0.664747
0.764181
0.745743
1.94748
5.07422
4.0063
3.18484
1.85091
0.385465
0.616228
0.357245
0.630446
0.41738
0.647045
0.479624
0.663387
0.543636
0.679034
0.608642
0.693521
0.675288
0.737913
0.750661
0.702495
0.813989
0.710927
0.875133
0.716663
0.94473
1.17051
3.84747
10.4521
7.01487
1.93463
0.254589
0.543981
0.304477
0.564097
0.446611
0.587684
0.438694
0.630517
0.429722
0.647246
0.49111
0.663523
0.558919
0.756232
0.591191
0.770363
0.576061
0.783419
0.641056
0.79441
0.705107
0.804618
0.827765
0.783125
1.03061
1.85486
2.553
3.28392
10.6553
5.58077
1.88141
0.360529
0.404686
0.392424
0.34558
0.514207
0.400475
0.528817
0.45845
0.54481
0.52296
0.590699
0.591301
0.555471
0.655227
0.571143
0.719844
0.585904
0.78768
0.830137
1.43324
1.1551
2.59878
3.51728
1.96407
1.44192
0.50897
0.796441
0.572378
0.71881
0.78118
0.78184
1.07793
2.39253
1.79259
0.81815
0.333969
0.772704
0.427433
0.787245
0.499661
1.08495
0.678334
0.916528
0.837366
0.955394
0.578446
0.875604
0.96542
0.761435
0.748355
0.769534
0.81071
0.774841
0.87041
0.777205
0.928827
0.926227
1.25929
4.14464
6.42121
4.04614
2.19559
0.742762
0.394146
0.268309
0.242604
0.149607
0.0943477
0.936542
0.111371
1.00134
0.914495
0.263161
0.929244
0.328402
0.942249
0.394585
0.953593
0.460972
0.962809
0.526733
0.974559
1.41452
1.99529
1.54005
2.37989
1.18391
1.95053
3.60849
4.23106
2.90413
0.999156
0.329111
0.20562
0.130269
0.0925065
0.109594
0.932995
0.174664
0.946467
0.241891
0.959373
0.310602
0.971261
0.379859
0.981631
0.456853
1.09817
1.04035
1.25115
0.530424
0.989005
1.13159
1.86611
1.75201
1.39091
5.03676
3.77198
0.648362
0.169049
0.0938216
0.118997
0.835014
0.179178
0.849337
0.242314
0.863539
0.307801
0.877205
0.374954
0.889872
0.443105
0.901059
0.511424
0.910319
0.579049
0.917183
0.645175
0.921296
0.709089
0.924267
1.14436
3.23053
8.70982
5.86808
0.454328
0.647268
0.291315
0.513555
0.255413
0.613575
0.310168
0.6291
0.367968
0.645038
0.428378
0.661065
0.495681
0.824042
0.539515
0.702229
0.604213
0.71616
0.668863
0.728456
0.732629
0.738748
0.800686
0.952497
1.04345
0.936934
2.82396
7.18897
8.27315
6.4147
1.55293
0.280637
0.430164
0.348025
0.484648
0.367801
0.53552
0.382822
0.594756
0.398347
0.667033
0.54448
0.584119
0.560067
0.64944
0.575072
0.715598
0.589033
0.781722
0.601496
0.846958
0.612008
0.934249
2.42841
5.73242
5.4105
1.31393
0.278732
0.194975
0.121459
0.10122
0.158642
0.914542
0.22465
0.927768
0.297459
0.955629
0.35583
0.984292
0.353078
1.02872
0.425565
1.04856
1.76274
6.12644
0.579279
0.442859
0.936746
0.244947
0.95041
0.308506
0.962722
0.373128
0.973222
0.438158
0.981459
0.502902
0.988996
0.548953
1.00695
0.802774
1.45585
5.04617
10.5326
1.51165
0.29031
0.0993122
0.70273
0.151783
0.716603
0.207735
0.734594
0.308093
0.701833
0.369954
0.716831
0.434135
0.731495
0.500012
0.745375
0.566793
0.757997
0.633608
0.768906
0.699564
0.777666
0.763862
0.785554
1.15922
4.18845
8.22561
4.7536
2.36565
1.10189
0.444636
0.287524
0.52266
0.339955
0.576259
0.355053
0.632968
0.370636
0.703859
0.518612
0.617063
0.534178
0.680311
0.549128
0.744682
0.563004
0.809455
0.575361
0.873716
0.585746
0.936583
0.593801
1.01382
2.20348
8.03791
4.49173
1.86923
0.968066
0.281668
0.22269
0.73772
0.298331
0.751046
0.360292
0.764454
0.424519
0.777558
0.490336
0.789949
0.556937
0.801161
0.623497
0.811616
0.93833
2.83149
2.7974
6.02311
8.29587
3.82175
1.13065
0.343245
0.53294
0.255597
0.538258
0.288052
0.552148
0.342326
0.566745
0.399823
0.581848
0.460217
0.597187
0.523057
0.61242
0.58774
0.627124
0.653544
0.640866
0.721858
0.730205
0.946092
1.31339
1.78982
2.47157
1.67148
0.907172
1.41434
0.591908
2.02298
1.51132
1.93278
1.26806
0.150133
0.940841
0.377961
0.777892
0.446159
0.791311
0.532659
1.03698
0.580863
1.05473
1.0331
1.86458
1.08425
0.802399
0.499236
0.814417
0.567629
0.824858
0.638539
0.887289
0.790493
0.961339
0.76323
0.827726
0.811522
0.831811
0.892342
2.84903
5.83321
5.47496
2.06705
1.31565
0.241192
0.717683
0.340169
0.531301
0.406156
0.591116
0.42094
0.653636
0.435963
0.718321
0.450869
0.784453
0.465253
0.851238
0.478647
0.917811
0.49058
0.983279
0.500622
1.06474
2.01541
5.01712
3.78129
3.25137
1.32154
0.346094
0.247363
0.142086
0.0822671
0.0681248
0.111025
1.16744
0.143908
1.17307
0.217151
1.17969
0.290006
1.18374
0.361604
1.20486
1.70793
5.69496
7.24729
5.38352
0.960194
0.326117
0.485066
0.312407
0.536545
0.326935
0.591458
0.342072
0.649576
0.357575
0.710544
0.373124
0.773853
0.388336
0.838908
0.402776
0.904982
0.415951
0.971295
0.427406
1.03695
0.43675
1.1861
5.47112
4.3473
2.80615
2.07794
1.34395
0.451597
0.186976
0.120238
0.128095
0.929815
0.143683
0.994007
0.159238
1.05974
0.174383
1.12623
0.193816
1.43123
1.38924
0.354149
1.08841
0.412639
1.11825
0.68846
1.08225
0.68387
2.33236
1.35878
2.46635
0.76237
1.28589
0.962112
1.73096
3.20791
1.71912
0.964893
1.27826
0.78565
1.06167
0.726627
1.14731
0.844124
1.061
1.04138
2.10353
5.25731
6.76972
5.2708
3.55012
1.7724
0.5152
0.283287
0.509189
0.363514
0.523295
0.420858
0.537112
0.481579
0.609731
0.478877
0.627783
0.544494
0.641949
0.611641
0.655467
0.680637
0.71193
0.70048
0.722192
0.768118
0.743259
0.932047
1.19484
1.91811
2.34339
2.26855
1.44458
1.10626
1.0687
1.0943
0.767351
0.979814
0.971408
1.02843
0.980092
1.08634
1.19433
1.17045
2.68796
3.55253
5.08472
0.652108
0.35446
0.666443
0.404199
0.631273
0.732948
0.842337
0.607759
0.918945
0.543912
1.04495
0.407956
0.964522
0.362038
0.996705
0.36845
0.996628
0.312607
1.14936
1.39946
2.50153
4.30283
1.42615
0.920878
0.467178
0.566072
0.472076
0.579409
0.536621
0.592741
0.603354
0.611599
0.699636
0.585908
0.76828
0.596994
0.847366
0.713973
0.920787
0.740533
1.05754
1.15926
0.991387
2.05101
2.93972
4.64726
0.608553
0.465544
0.668684
0.479651
0.730856
0.493131
0.794501
0.505513
0.858925
0.51635
0.923365
0.52522
0.997442
1.52597
0.212397
0.28143
1.7674
4.34341
4.05283
3.246
1.63857
0.998357
0.218462
0.126491
0.140989
0.931991
0.182471
0.995819
0.197341
1.08675
1.10927
0.225166
1.11863
0.410061
1.14811
0.430562
1.21274
0.511975
1.1576
0.519551
1.06992
0.586597
1.06783
0.651101
1.06243
0.714631
1.36369
3.24232
5.94961
3.17906
1.94696
0.767354
0.708871
0.377417
0.74014
0.439539
0.752557
0.503934
0.764298
0.569953
0.77492
0.636843
0.783935
0.70376
0.79088
0.769825
0.795349
0.834201
0.797044
0.896224
0.801752
1.11966
3.76473
6.5965
8.87936
0.997963
0.276574
0.202141
0.246606
0.655058
0.300235
0.667725
0.357193
0.680702
0.417199
0.693701
0.4797
0.706365
0.544169
0.731314
1.1959
1.56603
1.37149
2.56762
1.12786
0.877991
1.33486
0.529697
0.683103
0.409046
0.745764
0.423096
0.809904
0.436655
0.883861
0.484916
1.05509
0.465812
1.01647
1.62368
2.67556
2.22828
2.92238
1.39849
0.691462
0.863526
0.79044
0.825643
0.914678
1.50257
1.83917
0.669935
1.02039
0.649486
1.17644
0.684753
1.23286
0.713741
1.28681
0.73664
1.36313
1.90722
5.28803
6.00409
1.13727
0.365563
0.285484
0.213829
0.160018
0.102563
0.0930033
0.0891047
0.972192
0.104104
1.03647
0.119225
1.11774
1.0343
0.327229
1.22607
0.361404
1.05519
0.360413
1.05645
0.433087
1.05929
0.504443
1.07205
0.942098
1.62559
4.2173
4.60735
0.361912
0.725108
0.424286
0.737603
0.488631
0.749313
0.554505
0.759783
0.628605
1.2648
0.834162
1.29453
1.54613
3.09232
1.93018
1.82385
0.672378
1.04654
0.657403
1.13472
0.715616
1.17452
0.980267
1.11916
0.893973
1.15739
1.16679
1.58573
1.84009
0.825574
1.11029
0.855269
1.16714
0.886597
1.20702
0.919953
1.2362
0.947186
1.26227
0.968048
1.33761
2.7524
4.40549
6.1672
0.786351
0.550402
0.409491
0.539826
0.416784
0.609827
0.479914
0.622377
0.545405
0.634629
0.612478
0.646163
0.680416
0.656522
0.748353
0.665247
0.815446
0.671936
0.880836
0.676227
0.943748
0.67785
1.03247
2.57304
8.52139
6.91853
0.742387
0.506555
0.312231
0.477805
0.444297
0.489788
0.501727
0.502326
0.562052
0.515172
0.624803
0.528021
0.689381
0.540497
0.755094
0.55219
0.821065
0.5627
0.901651
1.33387
1.81003
1.94642
3.87032
1.60336
1.06632
0.54764
0.595197
0.645047
0.658845
0.655614
0.723517
0.673064
0.841614
0.613997
0.90501
0.62078
0.990879
1.88341
1.18821
2.99766
1.00168
2.80209
3.23174
5.82906
0.912938
0.319818
0.69454
0.282738
0.672929
0.311522
0.733578
0.335364
1.23221
0.999066
1.33115
1.12494
0.355346
1.18082
0.741166
0.977515
0.448626
0.942884
0.471285
0.942658
0.522008
0.926666
1.4532
2.23072
1.76351
1.62257
0.497638
0.518372
0.66652
0.377932
0.67499
0.392058
0.743063
0.525852
0.794177
0.542441
0.843637
0.55604
0.891477
0.579342
1.26423
1.78402
2.20381
3.86755
0.488489
0.588648
0.559671
0.60216
0.624278
0.614952
0.69157
0.750298
0.724212
0.662998
0.790601
0.670745
0.858096
1.44276
1.60236
3.13218
3.52083
10.6685
6.43311
1.66971
0.367934
0.320417
0.42008
0.373563
0.429351
0.43009
0.43859
0.489793
0.448468
0.552324
0.458834
0.617199
0.469468
0.683782
0.480083
0.762485
0.566313
0.74083
0.572934
0.809966
0.578715
0.876001
0.585391
0.98398
2.32747
8.58213
3.97908
0.689758
0.421196
0.656926
0.245372
0.614647
0.316461
0.673754
0.329868
0.735521
0.343629
0.799392
0.357452
0.864623
0.370937
0.930478
0.3837
0.996109
0.395287
1.12814
3.99794
4.05067
2.12759
0.793375
0.302862
0.749324
0.320277
0.813125
0.334066
0.878631
0.347382
0.945082
0.359789
1.01339
0.477706
1.19022
2.09745
1.40141
1.83733
0.959471
0.81991
0.968502
0.995976
0.999701
1.0469
1.02747
1.0915
1.0588
1.04076
1.19402
2.72135
3.89535
3.44082
0.474269
0.387697
0.594201
0.481382
0.655259
0.495091
0.718376
0.508169
0.782864
0.520173
0.848021
0.530663
0.913091
0.539231
0.977312
0.545516
1.06412
1.53209
0.822429
1.56368
1.16864
2.59218
0.779493
1.92015
0.669092
1.3188
0.789913
1.34756
0.832575
1.37669
0.839817
1.63283
1.34588
2.58282
1.72112
1.25075
0.510214
1.4381
0.719513
1.24986
0.621906
1.41754
0.636808
1.46752
0.648959
1.51976
0.673343
1.48793
0.884687
1.48893
0.726397
1.54108
1.11711
2.05254
1.45488
2.47939
2.00455
2.29958
1.37214
0.759894
0.362591
0.889098
0.48952
1.11011
0.535341
0.906493
0.526298
0.911325
0.595675
0.914056
0.663467
0.914391
0.728951
0.912058
0.791518
0.906921
0.850716
0.899015
0.909692
1.15003
1.68238
2.71194
3.48926
5.15471
5.82352
2.96968
0.354055
0.272707
0.222284
0.198965
0.187393
0.17533
0.162357
0.162141
1.05103
0.231152
1.05893
0.301399
1.06523
0.372064
1.06946
0.449489
1.65339
0.544292
1.75296
0.638275
1.7127
0.552313
1.03413
0.618332
1.02914
0.681906
1.65592
2.00418
2.86064
3.06832
2.02844
3.41641
2.4405
0.600904
0.413266
0.659779
0.424327
0.721207
0.43553
0.795001
0.525641
0.764285
0.536027
0.829668
0.545428
0.94095
1.44957
0.685757
1.4028
0.261619
0.215092
0.196174
0.176141
0.173875
0.274457
1.77554
0.283337
1.58861
2.33815
10.3016
2.72307
1.14551
0.693584
0.239927
0.760355
0.25181
0.820258
0.264057
0.882466
0.276383
0.946362
0.288438
1.01121
0.299835
1.11257
1.14935
0.288168
0.973894
0.53576
0.976361
0.603395
0.976323
0.668938
0.973479
0.739965
0.978674
0.780214
0.969952
0.839342
1.35436
1.69468
4.52227
7.57389
1.56539
0.317413
0.534077
0.342722
0.542656
0.394733
0.553235
0.450023
0.564508
0.508215
0.576057
0.568803
0.588391
0.663834
0.567712
0.728533
0.577754
0.798344
0.585836
0.848263
0.593522
0.911241
0.59938
0.972273
0.6058
4.038
10.4636
1.41143
0.456904
0.662867
0.49468
0.753699
0.589809
0.73971
0.604801
0.826619
0.823777
1.71826
1.05021
1.25775
0.431083
0.624283
0.442144
0.686814
0.453332
0.751062
0.46432
0.816249
0.474761
0.881573
0.484234
0.946148
0.492306
1.03784
1.50958
4.50146
4.6715
1.84802
0.736515
1.19636
0.505852
0.719674
0.377154
1.48415
0.420542
1.51746
0.217276
0.140226
0.121984
0.130196
1.04175
0.201945
1.05005
0.426789
1.0975
0.408691
1.10102
0.455236
1.09753
0.507925
1.76991
0.65195
1.52932
0.726435
1.88119
2.60886
4.53521
0.456521
1.2547
0.268065
1.25954
0.28985
1.29469
0.368728
1.37092
0.391017
1.44452
0.422949
0.957606
0.493687
1.51236
0.574488
1.57176
1.20281
1.64681
1.0282
1.75025
0.90337
3.08325
6.19723
9.52911
2.57079
0.23302
0.638246
0.22744
0.699036
0.231485
0.761734
0.23637
0.82589
0.242038
0.89101
0.248361
0.956501
0.255105
1.06289
1.43241
0.382958
0.924056
0.861568
0.975042
0.608975
0.812243
0.617441
1.22546
0.637867
0.930447
0.56175
0.932472
0.630314
0.932137
0.696341
0.92924
0.776379
1.58446
2.04819
4.7182
2.97184
1.57794
0.478605
0.59733
0.605834
1.05952
0.695886
1.13947
0.720322
0.71432
0.8488
0.62283
0.924
0.664377
0.874997
0.714121
0.967836
0.857987
1.75059
2.60856
2.20997
1.14
0.94145
1.08467
1.75585
2.35381
1.42796
0.67635
0.559962
0.598376
0.640311
0.56162
0.546072
0.579054
0.952836
0.549828
0.715276
0.882992
0.484554
0.782179
0.553121
0.790064
0.621317
0.796403
0.688273
0.800813
0.753148
0.803004
0.815335
0.802721
0.874253
0.800869
2.27176
6.16106
6.69979
2.26754
1.2577
0.476521
0.559006
0.504314
0.460346
0.569569
0.522424
0.578462
0.586738
0.587284
0.65247
0.595692
0.718986
0.603326
0.785447
0.609814
0.851033
0.630377
2.37998
3.73789
2.95842
1.15428
0.226734
0.837738
0.742924
0.619423
0.774471
0.658689
0.841452
0.743785
0.86048
0.828231
0.880999
0.859376
0.985703
1.31038
3.32401
13.6042
6.07457
1.4412
0.272434
0.429385
0.26758
0.445365
0.351909
0.452997
0.407453
0.461287
0.466286
0.470151
0.531973
0.54703
0.521768
0.564802
0.895213
0.539668
0.961672
0.671213
1.03148
0.646646
0.924714
0.409305
0.926082
0.614882
1.46163
1.84406
1.46973
0.178766
0.787132
0.196444
0.84567
0.212225
0.910958
0.226065
0.977132
0.24079
1.07561
0.887821
0.46601
0.896011
0.536916
0.900027
0.606269
0.912687
0.689363
0.884165
0.753051
0.893211
1.45184
1.80497
0.935881
1.58899
1.38608
1.62956
1.79083
1.88592
0.601994
0.83263
0.936809
1.05861
0.929601
1.01845
1.92996
2.08475
1.77146
0.90491
0.694757
0.654077
0.39751
0.54932
0.460758
0.560418
0.526447
0.571466
0.593947
0.58211
0.662459
0.591946
0.738154
0.723006
1.04027
0.638606
0.788819
0.654226
0.903817
0.625472
0.94903
1.50112
2.27839
2.77114
6.01973
3.36943
0.665079
0.322959
0.553057
0.470376
0.617197
0.479508
0.683574
0.488481
0.751511
0.496971
0.820194
0.50455
0.888753
0.510812
0.956335
0.515377
1.02208
0.517935
1.11897
1.47242
0.299791
0.203793
0.157262
0.112874
0.13233
2.87964
10.1479
5.39368
0.637154
0.226332
0.55455
0.291176
0.592307
0.352745
0.649059
0.362815
0.71274
0.373098
0.778299
0.383275
0.845003
0.39302
0.912073
0.401929
0.985086
1.00232
1.07337
1.33893
1.17
6.46897
2.43751
2.40761
0.269593
0.197802
0.141857
0.125406
0.110971
0.128364
1.13746
0.802662
2.28145
1.00075
1.14219
0.719027
1.13553
0.677621
1.23711
0.665686
1.28678
0.705454
1.38273
0.68455
1.47429
0.662323
1.50945
0.695802
1.51765
0.747235
1.59782
0.741867
1.64003
0.71136
1.79209
3.66265
2.87546
2.72524
0.937694
0.586235
0.532618
0.651534
0.543321
0.717819
0.55309
0.784309
0.561519
0.850119
0.56823
0.914431
0.572875
0.984187
1.53649
1.82393
1.66922
3.35262
4.63966
1.21196
0.458608
0.431712
0.475239
0.37781
0.578485
0.439901
0.587579
0.504375
0.596716
0.570594
0.607926
0.649335
0.602725
0.729705
0.861874
0.524757
0.790002
0.656002
0.792976
0.722052
0.807381
1.16898
4.81871
3.99207
5.64675
2.29913
1.20792
0.272872
0.188956
0.156003
0.696391
0.235243
0.75253
0.248131
0.817493
0.621771
0.908987
0.687958
0.978251
1.52647
0.227389
1.02376
