729.998
371.164
254.471
207.735
172.895
144.476
122.432
107.784
97.2975
85.435
72.2976
63.8849
57.156
48.3073
39.6882
33.6151
30.8154
28.0343
24.5572
20.7423
18.2227
17.9153
15.4427
12.9664
12.5677
11.4238
9.96276
8.03605
8.63262
7.28888
6.2734
6.16324
5.79948
5.06824
4.38861
3.59052
3.31365
2.18734
1.70818
1.78456
1.7398
1.46052
1.01153
1.38103
0.727723
0.226781
0.819219
0.739115
0.455676
0
83.1966
61.9801
45.6256
44.9806
43.5397
33.327
19.4077
17.1008
23.752
26.2631
21.5221
14.5256
11.6285
13.3048
14.6504
13.7585
9.98439
9.05557
8.49919
7.2303
3.95632
3.83402
3.97977
4.1882
3.67824
1.9659
1.40979
1.35856
1.37972
1.23971
1.50492
1.3377
1.1016
0.547502
0.235305
0.642811
0.608612
0.315812
0.361706
0.71134
0.308324
0.308494
0.40645
0.398119
0.168127
0.202744
0.0870383
0.0304701
0.118345
0.103871
0.127964
0
82.9414
61.8428
41.9451
44.8596
43.467
30.2621
26.3904
32.053
33.5585
25.6519
17.2127
14.8272
18.2948
14.8158
11.1732
11.3664
11.2547
6.81517
6.90476
8.05334
6.7581
7.1938
7.04636
5.07638
4.22008
3.98468
2.73248
2.53522
2.30287
1.83902
1.92304
1.39607
0.981986
0.798064
1.05998
1.22436
1.06861
0.805501
0.215775
0.191177
0.320357
0.0412659
0.218246
0
54.1784
43.7551
31.7893
23.1839
22.4395
23.6965
22.0115
20.8179
21.7437
21.7751
19.4764
16.9881
15.1756
12.0107
9.31797
9.28264
8.9496
8.20505
7.89527
7.11824
6.2349
5.32712
4.75433
4.57546
4.10629
3.68676
3.26622
3.1349
3.4128
2.94416
2.48362
2.6885
2.5734
2.35138
2.17351
1.5619
1.77494
1.41151
1.39334
1.14986
1.06202
0.970079
1.47339
0.976793
1.18021
1.23036
0.936677
1.22258
0.833847
0.795652
0.744709
0.719828
0.647222
0.567654
0.672026
0.498515
0.495919
0.409836
0.516974
0.473246
0.320272
0.616002
0.283579
0.323619
0.216581
0.180563
0.218802
0.0879383
0.00607831
0.295993
0
