645.02
342.521
245.5
214.456
174.805
213.7
123.069
114.594
135.385
156.113
125.961
129.29
142.384
127.868
134.749
127.264
89.7097
97.892
107.234
127.233
85.1945
111.904
79.7867
92.5091
94.2747
72.5495
111.727
64.6238
108.71
52.3751
100.909
79.251
127.709
59.8691
117.137
55.7933
111.424
53.2804
114.25
48.4645
103.038
50.5317
96.578
53.0918
79.1405
47.2236
61.4179
50.233
62.2644
61.7908
59.6204
64.1432
51.477
59.62
55.9707
61.2048
56.7068
65.6876
71.8519
65.7732
66.1558
64.8423
62.9946
61.9198
57.6686
63.1373
47.6771
57.4581
40.1224
58.2999
32.4931
61.9137
36.0448
55.8967
38.9568
52.7418
41.2857
58.509
46.8939
69.3914
53.3983
57.3366
58.727
59.8672
61.8657
53.2744
57.4095
54.0056
60.4886
48.4841
57.1292
47.5879
61.0187
42.1141
61.0456
42.3376
52.4965
51.1913
47.3967
51.765
43.5822
49.7797
46.0747
43.5847
53.9096
43.4654
56.731
40.5336
56.0454
41.6877
64.1426
40.5009
62.1595
42.4666
60.7547
42.9334
60.5955
43.9811
67.6357
33.2952
49.245
49.0697
51.539
48.9564
51.971
41.7691
52.8694
40.6848
54.7444
41.6791
51.6395
45.7909
48.7323
43.5082
41.4203
59.3485
45.3197
48.3471
46.6252
41.7207
46.591
39.1245
51.6181
41.2905
53.8194
39.6102
52.0805
39.8625
51.4833
43.1959
47.8162
34.5433
63.1325
34.11
56.5209
26.5737
78.023
22.9544
63.5171
31.4775
64.4493
54.2316
42.1734
69.9427
50.9209
54.1525
43.8581
45.7175
55.2149
40.9022
48.4609
38.8732
42.0207
37.1033
54.5387
47.0019
53.4132
35.6424
56.1482
31.5132
59.5154
28.3256
55.0263
28.439
53.5626
32.8605
48.5085
28.9524
51.1366
32.2784
40.8777
32.1298
41.4723
34.6564
37.7428
38.0049
37.8797
41.2042
32.7287
43.113
32.7946
48.0688
34.2754
47.6548
33.4649
43.1424
32.3162
55.7246
41.5321
40.7106
48.8866
39.8321
47.4257
40.0424
47.5097
40.5305
47.2
42.206
43.1703
71.6647
43.7417
68.4722
36.875
60.7929
39.8119
51.4402
39.154
43.8666
47.8511
41.2077
47.6691
39.242
42.5983
44.0321
40.3619
42.1953
38.0786
41.6163
45.7855
37.1537
43.5609
38.9596
38.4937
44.4544
36.3767
40.0436
34.5063
43.852
35.0561
39.0184
31.5951
47.4535
44.7138
31.5642
59.1609
27.7011
59.6613
23.9236
57.3005
24.8885
52.0608
31.2647
41.7216
34.8631
53.2986
38.6424
40.752
47.7622
47.7343
43.0947
45.4145
21.7723
55.3178
24.8651
48.2391
38.896
60.0458
35.4687
48.7265
48.3456
37.994
42.8001
39.2203
55.2045
34.1661
46.941
36.8463
56.004
36.1154
55.3739
39.8243
46.4448
40.9412
37.7222
41.4226
33.1762
51.4977
32.3365
53.3577
30.6766
51.7612
37.4457
45.63
42.2633
48.8723
39.0667
51.4249
36.8007
41.9061
31.8597
42.7307
35.9834
43.0198
41.0378
36.1859
42.8989
40.9719
40.753
39.6974
41.8336
30.7565
47.7726
34.8349
49.5948
31.1336
47.8159
26.3559
48.6583
29.3366
49.859
29.2133
50.1979
33.2502
49.3119
30.0243
49.1272
30.7465
49.4893
29.8148
46.432
23.7498
38.2377
43.7901
52.636
37.6007
40.7658
42.9454
50.7214
34.3518
44.7266
45.1859
52.2142
32.2009
66.3491
23.0573
67.8625
28.7965
52.8475
32.1513
42.5569
30.6247
51.1083
35.0578
47.9656
33.6626
44.9937
33.0208
36.2039
39.6223
29.8028
42.698
38.89
30.1366
49.7088
39.0682
53.0756
27.2209
49.2052
44.6706
43.3316
41.2046
36.792
40.661
30.7001
46.6346
27.3504
44.452
25.9848
47.8134
17.351
55.4221
18.0987
52.0798
14.7048
74.6568
14.2373
58.4535
15.858
41.9893
19.4694
43.9787
53.6232
25.5056
54.0931
21.4761
62.1135
16.7924
71.6621
19.6384
57.3965
23.4157
55.75
23.4601
51.3396
23.0795
50.5903
24.3549
47.5048
29.1377
49.4335
22.2834
53.9021
23.1374
58.8755
20.0389
61.3307
14.7451
53.3116
22.5905
56.938
27.6412
55.0396
27.9522
50.0035
30.2626
46.6607
33.0508
35.8484
43.4395
35.7156
36.3966
41.6133
33.8726
39.3701
35.1179
40.1187
34.9493
38.3081
37.9437
38.4596
39.7634
39.5655
36.5113
41.0954
34.9741
39.7225
44.2917
45.5235
38.1808
45.609
36.3623
43.7876
36.005
42.0581
37.7871
37.6893
33.8544
39.3551
33.8501
43.4124
34.9217
42.4836
29.351
39.2605
32.6564
40.052
32.7999
39.7923
33.0824
41.743
34.0798
36.0631
30.4655
35.2068
32.0238
42.3805
34.072
38.4287
34.8114
36.0267
33.6663
37.7764
38.9559
33.1546
41.792
32.608
46.4803
34.1081
47.3451
31.7144
50.6387
30.6467
47.2776
32.8988
43.0023
34.1362
45.5709
34.523
52.5668
33.4262
52.6516
31.8538
48.5319
31.3298
43.9637
34.0982
39.6731
35.4083
36.471
38.2483
37.2282
36.7995
36.7877
36.8695
34.1688
41.4362
36.2768
36.1058
38.4971
32.8725
45.4885
31.9414
39.4421
33.5268
36.0982
36.0829
31.0136
35.5917
39.5549
30.7229
42.5944
29.4858
47.4253
25.9086
68.2388
22.3721
78.4042
20.1935
69.6347
25.1669
32.4373
38.3573
33.7596
39.0617
26.6002
38.364
30.5465
36.8921
55.3437
20.7086
41.2106
26.0716
44.6277
25.7654
41.9656
30.5033
54.981
24.0537
44.4207
42.2384
28.5751
41.749
35.5752
51.276
26.3745
52.1493
27.1064
46.3064
24.6892
63.9912
17.9347
43.5584
37.952
39.2794
37.7834
39.0994
30.6349
41.3785
28.3631
45.3816
32.6271
41.6861
29.3621
40.8047
26.6607
40.5916
24.8147
41.4238
22.2244
44.3474
20.683
38.2592
20.7161
46.0214
17.5558
55.6212
14.4396
51.0925
14.8047
63.5601
15.1669
57.431
16.1512
57.3054
13.3309
62.9764
13.2798
59.6927
12.1275
57.1124
17.5967
50.6039
22.5118
45.1656
22.5041
42.3651
19.1786
37.9085
23.4057
44.6433
18.314
51.3851
15.3358
54.7147
16.293
49.1662
30.2463
50.1728
29.6809
41.5296
36.6721
46.0334
31.6542
40.8036
40.2787
42.8469
35.3279
41.2207
35.0664
43.7988
28.3059
44.4527
28.0284
45.2115
23.7043
43.3551
31.1311
38.1114
34.2412
40.5491
34.1324
43.252
31.2054
42.4923
29.6319
41.9981
25.7784
40.9355
22.4561
35.5277
28.7639
41.834
26.7281
36.1204
34.5146
42.8178
27.6692
28.4132
50.5758
27.8972
45.4918
30.9812
46.1691
38.476
39.461
38.8562
35.1281
42.5087
32.2191
41.667
39.3365
25.037
28.0132
41.7339
24.6469
52.0336
31.2807
47.6773
35.2088
36.131
44.4403
39.9433
40.9784
37.1627
39.7477
38.9721
36.6033
40.0554
36.2008
38.8532
40.2726
37.8555
42.7435
38.8031
38.7654
39.0389
42.2204
34.8292
36.2457
39.1819
35.3739
45.0904
39.0183
42.5095
39.999
44.8648
38.1352
42.4236
39.9005
38.1719
37.0749
37.752
36.6306
38.7487
31.4686
44.2384
35.9241
46.4892
35.7993
46.4243
32.2142
46.6237
31.7675
50.1413
34.0725
41.573
37.9206
41.2919
35.9176
41.1742
32.1523
46.254
32.8513
40.6018
32.8386
44.8714
32.8445
40.7489
35.1894
40.7946
36.7067
42.4716
33.4964
42.1433
34.1613
38.3904
33.9007
38.9464
32.136
44.1862
28.2997
40.4122
30.0637
43.5423
28.9795
44.3739
26.5382
45.37
28.9942
40.3752
34.1264
35.5694
29.8451
38.6099
27.6134
40.9196
27.9982
43.4744
29.233
41.631
31.33
41.5074
28.4846
45.9658
29.4
40.6295
30.7883
41.7411
30.2015
38.6324
33.2761
36.0991
33.6304
39.545
35.2421
44.6712
35.3061
36.0728
45.1588
37.5538
41.395
34.4666
41.7662
34.3263
36.6406
36.6936
37.1487
32.8508
36.9567
33.2491
36.304
31.2952
34.9723
33.0666
35.5075
35.9622
35.0856
33.7911
35.8848
33.2674
37.2244
31.8196
32.1805
32.7953
34.6729
39.994
34.4996
38.7335
39.0853
35.8911
40.1391
36.8877
37.9302
33.7577
37.9824
32.5143
39.0869
33.9451
34.0843
33.9951
36.5745
33.3881
31.6194
34.0865
33.9194
35.6355
35.3764
34.5082
31.8948
35.5848
31.0721
34.5494
31.6364
29.6325
47.8812
30.0547
41.5931
26.1688
52.0581
32.078
40.7261
37.5455
39.1994
36.7108
38.4145
32.6462
39.1219
36.4315
39.4678
35.6431
37.5189
31.0807
36.2701
35.5772
36.16
34.1759
33.2916
37.1135
34.1001
35.1883
33.2134
32.8336
35.4798
33.0322
35.3614
31.5357
35.5006
43.1226
32.0313
42.2002
30.8974
39.5068
32.9064
36.1719
35.1672
40.9696
34.7252
36.5084
37.0507
39.0195
35.9706
33.9775
36.5356
38.7668
33.8102
37.6654
30.7728
35.7427
33.1728
38.1604
29.5934
36.129
29.6699
37.77
29.2287
38.8788
26.8191
34.1784
25.2008
32.5972
33.867
34.4755
29.8501
35.9872
36.6301
39.9854
30.876
39.0209
34.4726
36.3272
34.9649
37.1656
37.424
35.63
34.9194
32.8965
36.5841
32.5995
42.0012
30.2413
36.9192
31.8345
41.6232
32.4059
43.3575
29.1943
44.0524
29.9269
39.5234
31.8678
42.3066
29.3347
40.0297
32.5933
40.1238
33.2345
36.9459
34.0272
36.1562
33.2678
33.6145
36.8805
32.3684
31.7706
36.7122
34.2038
34.0584
29.8742
35.2295
36.4423
48.0512
32.0014
47.934
33.4807
44.352
32.6723
42.4824
33.0583
44.4824
34.7909
41.4896
35.2053
40.4926
32.5883
36.0037
36.4721
36.3039
36.0401
35.3681
35.692
40.1535
34.6248
47.755
32.9783
52.2566
31.7396
40.6378
33.4025
42.9404
32.5807
38.5187
34.5746
38.5648
37.7429
32.0233
36.5803
28.1671
41.1263
38.3834
40.9323
32.4969
44.672
29.497
45.2819
26.7606
47.8419
30.9778
42.2269
31.9872
41.9202
34.363
47.9035
24.0149
54.2843
22.0568
52.6802
14.1994
58.6501
20.7477
50.568
18.2822
57.7746
19.5653
55.1939
22.7428
46.7936
22.7474
45.4101
22.4132
49.5269
21.442
54.3968
20.245
48.0453
26.2164
45.1384
25.3948
46.7942
20.9715
48.6032
22.5117
44.5556
26.9686
51.4435
25.5494
49.9111
26.9967
49.1795
23.9263
42.5667
25.5121
48.842
26.6609
47.228
25.5298
52.237
20.7857
45.2237
23.3064
45.7959
27.1258
48.7923
21.5173
52.3817
20.2909
52.3821
23.1166
49.3524
21.6681
52.7391
21.3817
56.8166
19.3445
49.5024
19.5455
49.0959
23.1687
44.4516
21.8617
44.0387
27.0111
44.5616
24.7487
40.7144
28.6484
43.2446
26.6924
44.6829
21.9494
46.5711
21.6254
42.7537
21.9083
44.2295
22.3543
47.8846
19.1582
41.3793
20.2672
40.2259
18.6409
41.0885
19.1229
39.2329
20.8036
45.0128
21.2182
46.661
18.0967
47.4953
23.1615
49.9075
19.3156
52.1187
15.6807
48.88
16.551
45.9973
17.6424
65.7737
15.6968
53.2587
20.8102
53.0698
16.9373
49.0008
22.1891
44.7481
11.1564
61.2461
10.1427
26.4886
47.4918
24.5149
44.6916
28.3686
41.5105
25.2034
43.952
32.303
37.6486
29.2453
35.7258
37.2938
30.9289
36.4524
30.3763
32.9656
34.0993
31.648
31.03
33.5711
33.37
32.2247
36.9384
27.1845
38.9726
26.9465
29.3264
31.698
25.3723
31.493
29.6504
32.8986
26.9769
31.8997
27.1174
30.7132
27.1971
32.3506
26.1647
32.4741
23.4835
39.8186
24.413
38.4662
22.2453
36.8723
23.1358
33.9545
21.2475
32.9128
24.6527
33.0499
20.9477
36.7422
18.9496
38.2073
31.1031
30.3654
28.6483
33.7565
26.4276
31.15
27.1765
29.536
27.0594
31.7808
24.1312
28.8456
27.6321
32.0407
22.2046
32.5615
22.4773
31.2652
22.9963
31.3636
21.2413
30.7836
25.8537
34.7633
22.2247
35.3187
21.4669
35.5854
18.8165
41.7601
18.9408
45.267
20.1534
44.6514
21.3616
37.6172
18.6295
30.5923
25.202
32.2691
27.7177
29.7965
30.5342
25.3312
34.836
26.4708
26.6095
35.0293
26.4932
35.1469
24.2321
32.9418
24.2003
36.2128
36.6117
29.3794
23.3586
44.2665
24.1107
41.8021
19.2084
35.8289
28.1101
52.9372
17.7316
63.4037
13.2776
55.2937
17.5887
54.377
26.7227
33.2087
27.8925
26.7534
29.2113
25.7175
36.1268
25.027
34.0103
22.185
33.6377
20.8899
38.6953
19.854
40.8811
23.7524
33.3262
31.7615
33.2593
12.5929
36.508
18.5932
34.9821
19.5428
33.6316
19.8278
36.0516
17.9502
38.9208
16.9195
32.7934
10.2711
34.8922
15.8656
32.1359
14.1571
31.9219
13.431
28.5282
19.8999
29.3399
18.0716
33.5079
13.5577
38.3484
12.0579
27.0669
11.4229
55.3978
16.3497
44.6138
19.4668
40.6219
20.4075
39.3255
22.1736
38.0087
21.9799
35.29
22.4319
34.8515
24.1748
32.7824
25.1196
32.8382
23.6736
31.3109
21.8888
30.7432
23.0039
28.696
24.8025
33.2113
22.6745
31.6752
21.681
38.3117
19.3609
21.8307
27.0057
25.0495
25.063
21.2323
29.5718
21.413
29.0282
27.2343
29.383
25.9143
25.2302
27.4947
25.3924
24.4647
20.3367
29.4964
21.7852
24.7385
17.5122
31.6255
43.1999
27.3567
47.0259
22.1428
48.4878
23.595
47.2571
19.341
52.1714
19.5139
60.2198
17.1126
37.414
12.8261
32.8025
17.0856
30.402
10.9753
21.0202
15.2919
28.2401
12.5367
37.1516
14.6049
46.053
19.6613
45.1864
16.5587
39.8602
12.8096
40.4516
24.2245
33.4495
27.1706
28.6742
28.6036
32.8217
33.9928
27.0412
38.6421
22.1608
38.7169
22.4108
38.2105
25.1092
37.7799
21.9633
35.3581
21.4667
36.4753
21.4079
39.2663
18.0736
41.0859
20.4076
37.96
21.8058
35.5701
23.4484
38.9145
19.8811
39.1177
17.5593
33.3775
18.6271
44.0305
18.3629
32.5912
21.8152
28.853
18.531
30.0068
20.86
32.9277
24.366
28.9477
25.5539
27.5692
30.3511
24.7711
31.0529
23.4477
29.78
19.2552
28.8408
18.9376
23.6959
25.7554
27.5588
19.7493
26.7821
27.9731
23.5269
20.908
26.4426
19.5071
21.5859
17.5053
7.79739
56.2724
21.9805
49.0813
11.988
34.9429
17.884
39.0814
16.773
41.7131
22.1616
30.9054
11.0885
40.3323
17.0689
32.1949
27.5394
39.61
27.4555
36.5809
18.1445
45.5459
11.1779
54.5602
16.8183
38.1016
14.3847
39.4837
11.2031
48.7019
12.9045
43.5466
17.1217
50.9822
20.2852
50.3884
19.6832
40.9022
15.5955
38.7281
16.3342
30.919
23.929
33.5005
27.7465
22.1156
26.7345
23.889
30.5323
24.5149
33.0619
27.4939
32.8996
29.5273
28.8892
23.4185
32.9353
23.3245
35.478
15.8817
37.3789
16.2434
42.0875
19.6891
34.8817
21.2213
29.4933
19.5557
34.6787
24.0792
32.5962
25.0002
30.6088
21.2145
27.9556
21.6749
28.95
21.5814
29.0665
23.5209
28.7438
29.6946
32.3045
27.949
25.9632
26.7373
20.0545
17.3666
36.9722
18.8767
33.1444
20.4954
30.6937
15.5655
32.0705
18.1727
30.4046
15.0595
36.6211
14.8494
35.9488
18.307
34.5718
21.0948
36.2574
26.2634
34.1394
27.2093
32.104
25.9276
34.524
23.9021
31.12
17.9694
42.5795
19.1167
41.3008
18.9324
40.3456
17.2358
40.7638
16.1167
40.5941
12.5416
45.0005
16.4946
32.2776
23.1447
34.3872
14.04
34.6009
22.8818
27.8963
18.8418
35.0401
16.2855
35.0592
17.4235
29.2499
20.0198
27.1111
17.353
29.6281
18.8424
31.1182
20.9462
33.049
24.8864
31.8793
22.2583
29.7084
26.798
35.4049
18.7426
33.3666
20.9862
32.652
18.0812
34.6535
22.0272
37.1126
23.6667
39.1522
21.5884
35.1103
24.0556
35.6337
25.2074
30.8002
27.3886
29.6813
28.7465
28.312
30.5347
30.196
28.7268
33.6654
23.8748
34.9617
24.005
31.221
27.7638
24.9363
41.9003
25.4754
33.4269
27.9801
33.5554
24.6052
33.4878
24.3718
33.3179
28.7066
32.4209
28.4577
30.4501
26.0714
34.9357
23.7808
35.5557
26.5313
31.3468
25.5729
37.5881
27.9248
41.0518
28.9078
38.3182
27.3697
36.8271
29.1904
34.8996
29.7329
38.0666
28.6053
35.0981
28.3712
34.7197
26.8095
39.9434
24.5933
37.4737
27.1344
39.2533
26.0578
35.0239
26.5493
37.3709
26.4494
27.3064
36.2341
26.1373
31.623
30.4048
35.8982
36.2823
35.2405
33.9372
30.9474
32.712
31.4114
32.3953
30.8202
29.4546
30.6595
29.314
29.9142
29.9546
26.4876
33.6385
23.9448
29.3457
26.6636
27.8611
28.2999
27.4438
24.8028
26.1259
33.6705
26.4743
36.4464
21.5896
38.4303
19.0223
50.5463
13.8439
50.783
12.4293
51.2773
13.9488
52.2126
13.0654
37.7823
13.7693
71.5299
15.2556
42.0357
29.5079
38.9888
26.5966
49.4298
24.4551
48.6634
22.1999
56.8562
24.4311
41.5451
25.4382
41.3557
24.7954
51.1435
24.1881
44.2322
28.9472
45.8727
20.6979
63.6335
18.2089
62.1825
17.2191
65.7018
18.8651
43.669
23.4206
36.1778
26.1544
35.7303
27.8357
36.7871
26.8274
35.887
30.3523
35.1486
26.1651
32.3568
27.6171
33.9222
28.2605
41.6963
28.203
37.8131
28.4829
33.2846
30.0283
32.2612
27.1398
35.6921
30.7245
39.3133
30.5137
36.0474
27.8275
36.4465
31.9935
35.6245
32.2413
34.3919
32.9814
31.1083
35.685
34.6077
31.9397
33.4373
32.3295
34.2169
33.1159
31.9871
32.8036
33.45
33.6239
31.2219
33.5123
34.1319
31.283
36.6378
27.9134
38.5067
30.7192
34.2511
27.3049
34.6243
26.8559
38.2569
28.9283
43.6368
26.8506
38.6052
29.0881
37.4789
26.7327
43.3602
25.7531
41.6763
25.9309
45.2022
23.3315
49.2813
23.1685
50.5249
20.661
46.8115
20.8078
54.1429
19.2503
39.9014
36.4158
37.065
37.9293
37.9554
38.3548
32.6133
40.7893
32.5834
39.8498
30.3776
37.5164
31.8767
39.6095
32.8663
37.5542
28.5459
36.5672
28.2478
36.0538
30.0645
36.1142
29.7794
34.3283
30.3861
37.5036
30.8557
36.9408
30.2259
35.336
34.3036
32.3384
34.3597
31.6355
32.3881
29.9367
34.1165
29.4269
36.127
28.7084
42.0463
28.863
37.9917
27.672
36.2738
27.5193
37.5702
28.5135
37.2672
28.8135
37.657
31.0469
35.0966
31.2771
35.3246
31.9346
32.6237
32.0898
32.8543
30.8321
33.6181
28.5332
36.5907
27.8604
37.3254
26.8414
38.8585
28.7903
38.4982
27.2366
38.3471
26.363
36.0173
28.727
33.8733
28.5971
35.8986
28.1722
35.5776
27.5104
34.927
26.7979
34.3332
26.5421
36.1666
28.4805
35.0625
27.1158
36.2743
28.2251
34.6446
27.1458
38.0473
27.4292
35.7495
27.8519
37.5538
28.4575
35.4643
27.6271
36.5655
26.5248
37.6085
26.0722
35.1127
27.4698
38.1952
30.3239
33.0468
28.6261
36.0195
29.2791
36.2533
25.8431
31.4867
27.5082
31.7121
32.0859
32.1645
33.6585
31.7584
31.1025
32.4272
31.5383
29.5335
27.5937
37.1706
28.2024
33.581
29.4184
32.9191
29.6763
31.078
30.9367
30.6072
30.3536
28.3593
31.6777
29.501
33.3652
29.4079
33.1048
34.6401
32.371
35.3332
32.2549
28.9348
34.678
33.9839
31.403
34.3706
31.7608
29.609
36.4121
39.5542
37.5858
34.7125
36.5137
30.388
36.1092
34.5809
35.684
33.965
35.8712
32.7304
37.3121
30.5284
34.7508
31.5187
34.7965
34.4676
34.0599
30.4981
36.9121
30.7618
39.081
32.1715
37.4596
31.8167
37.6886
27.3773
38.7743
28.2076
37.1972
28.5214
33.4834
32.8467
35.907
26.67
36.4514
27.6966
34.7974
34.5799
32.9197
29.1
33.4824
32.644
37.4706
35.507
32.1634
35.3753
31.6383
32.1563
30.2834
34.788
33.3325
36.9465
27.8758
44.7433
33.4184
46.8438
48.4308
42.8743
47.5914
38.0326
45.3787
36.6426
45.3347
28.0883
49.9346
25.4289
45.9774
25.1214
46.5189
23.4803
39.382
27.3117
46.816
19.8653
51.8151
22.9783
48.3968
22.9668
43.5686
22.9539
41.0676
21.9189
37.9106
24.7857
37.0725
23.7013
39.4626
25.1074
36.9174
25.2787
39.5281
24.2993
33.51
25.7007
36.8504
25.9584
34.185
24.0574
36.2347
24.2287
31.5697
23.2292
35.7992
28.1194
36.7952
24.3925
36.6447
23.149
32.1939
30.6558
27.4554
24.9018
27.3129
23.6322
32.4088
27.3641
32.9108
24.741
33.0285
25.7654
32.4871
20.5373
50.7772
22.4457
49.6736
19.9029
47.4628
16.4425
48.6076
15.7611
44.8253
14.696
39.5245
16.9795
42.1366
17.4699
38.479
20.8937
39.9571
17.8558
40.1879
14.0713
40.3334
13.5067
58.4459
17.8375
44.1346
14.5542
36.4559
19.0441
37.1681
15.5561
41.9633
15.9793
38.5995
15.476
36.5462
17.4438
34.6034
16.9103
41.0307
14.1956
44.9141
18.3023
44.964
16.9158
36.1333
20.9583
36.5757
16.3235
38.7454
14.8488
36.9514
15.6036
34.7943
13.7273
39.0559
16.7408
36.0285
16.9284
37.5788
18.9393
46.9048
23.1543
38.2098
14.499
21.3949
45.4904
29.7369
29.7259
28.65
31.9794
26.7857
28.8058
30.1464
29.5305
32.9637
24.1775
37.5267
20.1547
36.0459
22.3991
28.1245
24.4867
30.9183
26.6241
32.102
22.3608
32.0111
21.247
28.572
33.9103
32.3228
46.3611
25.3557
48.2256
24.1173
49.2351
22.7397
39.5597
28.2141
29.3938
30.8698
33.7057
25.5394
32.6283
28.0791
28.9426
32.6172
26.9286
24.968
30.12
25.7709
25.8247
38.4902
22.3161
39.5221
20.9639
41.195
19.7375
43.6736
21.0896
39.0188
23.4455
28.133
15.8488
17.2005
73.5078
33.4875
39.2744
44.3357
33.31
32.1585
37.5191
37.5558
36.5364
39.519
43.9241
40.1455
48.5043
39.6352
42.3878
33.1273
29.7121
41.6016
30.5189
37.424
33.9397
24.5424
38.5713
31.6035
35.5157
30.3725
36.213
30.1781
25.0296
50.3933
31.1514
57.7036
29.6483
56.1583
31.3677
49.4205
40.0432
42.3317
42.3843
38.5186
26.7138
49.3281
24.4201
38.2123
16.0512
51.4638
45.6602
42.2023
38.6765
38.6703
39.6326
33.4555
40.0347
34.3322
25.87
41.3305
23.9835
37.7834
29.2011
39.1356
28.5347
51.7488
21.7142
53.2014
20.3317
50.2432
21.4456
48.7908
22.5963
47.2583
21.3389
42.3288
23.8419
48.9643
22.029
43.2598
24.6769
42.1911
24.4712
41.0247
24.7443
40.503
24.2695
39.8842
25.4695
39.8717
23.6056
46.9231
23.5616
40.351
30.7387
30.763
32.6331
31.5807
29.0699
37.6145
28.3349
42.266
25.2939
39.6165
25.8461
46.3049
20.4802
39.9295
22.5866
45.6217
23.7036
38.0477
26.4503
32.3463
31.6105
35.5577
24.0589
39.7948
25.3911
35.7138
32.0019
31.628
29.8543
28.7725
31.3568
28.6774
36.8937
22.4007
38.2109
24.5375
35.2967
25.4942
33.0285
22.6127
36.4777
25.8979
35.0839
25.3319
36.1526
22.8373
31.6184
32.4201
28.7335
27.7864
26.5429
33.5655
21.7192
29.9868
24.1923
30.8442
26.212
35.967
25.0711
35.6997
23.0319
32.772
21.6781
31.8068
30.3263
25.188
37.6185
24.3404
34.7017
22.2423
35.2374
22.2116
34.0973
24.2654
33.1398
28.9813
34.9446
26.1054
41.4938
22.9361
36.3259
23.7811
39.1636
23.3473
37.5294
20.6068
30.9868
33.7681
31.1199
25.3693
33.2649
21.3897
39.0862
22.2062
45.7683
19.3582
44.9281
17.0854
56.8958
13.7841
41.9504
18.7821
44.6835
20.433
42.8008
23.607
38.7158
22.2446
38.9958
21.4203
37.6498
24.3522
31.9431
23.9846
42.8276
24.278
41.275
27.7527
33.4121
22.1823
43.0552
21.6905
48.4952
21.2072
42.4335
20.7778
31.3395
24.2564
35.3658
34.4161
36.118
30.1634
42.5957
26.5309
36.0752
29.654
35.6559
28.7731
37.2195
44.7043
29.0286
46.6022
24.4229
43.6565
50.0543
43.0018
24.7601
66.9646
56.9292
42.6819
54.8998
42.178
56.5519
41.2094
32.137
39.2183
27.0288
41.1947
31.4335
44.877
29.4167
38.1447
35.2979
37.3211
38.9279
27.1794
36.3793
23.377
37.0782
21.902
40.9074
23.488
39.0594
20.9566
42.7479
23.753
41.5968
19.9321
39.1769
22.8012
39.0617
19.984
37.1095
25.4651
50.2966
18.0326
36.9008
21.32
41.0919
15.6425
40.7461
17.2713
38.9585
15.9761
38.6717
14.2847
43.7749
18.5104
38.9174
17.1428
26.9419
21.0786
31.1793
23.5189
34.2668
28.2518
30.4835
37.7978
28.2243
29.7808
21.1784
51.5844
30.92
41.2077
30.8741
40.0723
42.648
48.6384
39.7599
27.8431
43.3471
17.841
37.4138
19.6862
54.593
30.1268
46.8653
21.3582
39.7683
20.2687
40.5737
16.0269
25.8607
27.6582
9.64323
15.3994
37.6583
48.9962
27.2347
42.417
25.9558
48.0877
23.5977
53.5655
16.6904
48.2922
17.7125
37.2231
28.4336
35.1391
30.4198
53.2072
23.3193
38.1047
37.2491
38.8756
20.7048
72.4644
18.9345
28.4307
58.0396
28.5115
29.485
45.6076
35.6035
48.4266
32.8453
43.5312
23.665
45.0396
37.2982
41.4811
32.9575
32.8049
36.905
39.7592
38.6324
41.0698
38.4011
41.9762
22.9235
50.8305
23.7368
50.3619
21.4138
49.3743
29.1906
41.0012
28.5047
42.2718
26.065
44.0971
30.3812
48.0463
29.5054
43.1703
25.5801
47.0992
29.9221
37.4838
24.5818
42.1671
25.6017
37.1209
34.2037
33.9703
26.8172
31.2505
27.9816
46.1149
31.3687
41.8401
30.6848
39.2342
24.0602
38.8002
26.2031
42.4386
11.8259
58.698
17.7944
55.3084
16.4249
55.1123
13.8373
61.7985
16.3716
47.886
12.1821
62.342
22.8705
48.5261
17.3217
67.1018
20.9442
58.7795
23.7541
42.5894
16.8381
61.6676
20.8058
54.3147
22.8748
50.0782
19.6383
64.7547
16.463
48.9779
19.0809
58.8738
19.4156
64.0786
21.7941
49.2945
16.968
54.5957
15.6037
59.829
15.4851
54.1228
16.8102
57.6291
21.091
47.4785
12.1255
49.6312
15.621
72.1809
19.2567
64.3417
21.4195
64.1093
19.3726
38.4701
40.1966
39.5867
37.0618
44.8297
29.9073
42.6127
26.8949
41.0917
29.1113
37.4459
18.4694
46.6602
15.1896
63.9585
23.4135
62.3984
19.3036
66.961
17.3812
50.5831
20.9527
50.3887
21.787
59.6919
17.4175
56.4554
15.7215
59.6873
13.8103
68.4892
12.6178
66.7443
12.974
64.9065
13.0967
61.3875
11.6581
59.5057
11.3297
54.9501
21.4722
44.2634
26.1313
42.6112
31.2149
36.8771
30.3894
36.9191
31.2239
34.7494
30.2113
36.7094
28.2509
31.8149
29.5012
34.4729
31.7446
38.301
25.7922
29.0144
24.701
32.7017
39.1446
33.9197
36.1185
35.0232
31.9854
35.5993
28.3399
37.7445
27.2331
37.2751
25.1316
35.8112
30.7608
27.6929
30.6066
32.7136
21.3798
31.5899
19.7323
30.3277
33.4503
34.1078
30.2793
36.5041
34.2615
30.8504
35.6657
32.2028
36.6003
27.7098
36.6531
29.3748
34.5657
28.2639
36.8426
26.661
37.7325
27.1222
39.738
27.0598
36.1633
25.3696
37.8735
24.4141
37.5957
25.5875
36.4146
24.733
36.4345
23.23
37.0225
24.2783
37.9106
27.1173
34.9888
26.0044
30.893
25.4238
33.5182
22.0602
24.5967
22.0723
25.3654
29.3179
29.5188
28.3375
30.7313
25.7746
37.9727
24.4681
37.8967
27.1652
33.2469
23.3898
38.2039
21.3832
24.0838
20.9834
28.0787
21.7458
25.3932
23.0825
21.495
20.1951
21.8129
27.3063
31.5923
30.9981
30.8686
27.9309
29.2493
24.6988
32.1205
26.9477
37.1278
23.0658
35.4831
29.3447
33.5854
24.9614
30.3382
24.6527
24.0251
26.3862
33.9106
26.6526
33.6435
25.3608
32.4047
28.2139
31.624
29.5887
34.5672
27.0497
31.7669
24.7746
37.2723
24.1158
33.4776
25.7018
31.3813
21.9156
30.2106
21.1783
31.4186
18.1488
26.205
22.7414
28.7885
25.0172
27.9364
26.0032
34.8614
28.2017
30.8454
29.6396
31.5243
29.9415
32.8063
28.0591
30.5942
23.5721
35.3172
25.7028
33.5505
28.6897
33.3993
29.2928
34.1879
25.5325
38.09
24.8646
38.5555
21.851
39.1597
23.9923
39.0987
22.6531
35.9002
22.0533
40.4371
23.6082
40.5484
20.7221
31.6511
22.801
35.8927
27.0788
30.82
30.6071
29.9568
25.7119
32.2649
24.9416
31.8729
29.6561
25.3662
30.851
29.2609
28.6511
30.2576
27.3033
31.7298
24.5872
32.2706
25.3717
28.1094
26.5443
32.9632
23.8319
32.1371
22.5391
36.0456
18.4854
34.0015
19.9759
30.2147
20.8586
34.1441
14.7568
39.655
10.3001
39.3087
13.4008
45.688
11.0143
38.8569
15.6555
46.6396
16.5883
45.6235
15.3422
45.5378
21.4444
41.2848
20.2567
38.5506
16.196
34.2099
13.8195
48.1672
14.4301
44.8643
14.4111
44.8494
21.3397
39.8157
20.6357
31.0277
17.6179
27.9677
22.6685
34.0914
18.489
33.7772
12.9051
47.8148
12.8534
45.0232
14.0978
42.0688
13.149
40.2952
14.5985
39.5793
15.9608
31.139
16.5399
31.0365
19.254
30.9037
23.944
28.1755
21.3392
26.3239
27.4847
34.5495
33.6892
32.1848
28.685
28.9611
28.8525
30.5298
30.7785
26.4586
34.1751
25.3555
35.546
25.4705
38.478
24.7818
35.3507
23.1086
34.7617
22.0965
28.9338
25.5048
34.5326
29.9139
33.3169
27.2543
28.4668
22.4596
30.6367
23.4928
33.7536
27.5834
34.1783
30.1506
32.5714
28.3606
31.6471
22.586
34.2866
21.8915
35.7258
23.9969
33.6673
22.0305
30.9285
19.7177
35.9947
20.0839
30.0713
24.186
29.78
24.0296
30.1441
25.7257
30.4301
22.3931
34.4721
19.3103
31.6072
19.471
33.4689
18.7416
29.9123
23.1069
31.6474
17.9302
36.7787
18.2292
32.9519
33.0438
30.0711
33.4921
32.8256
30.7583
29.4528
29.2183
27.9843
28.7737
32.1592
29.289
29.2386
36.6704
31.0475
30.125
29.8648
30.626
32.4483
27.9065
29.1215
27.409
25.2119
25.4863
30.0666
34.1633
31.872
29.447
25.217
30.3964
30.1858
28.0495
29.2941
28.9503
31.4584
29.5019
32.6288
27.2507
28.1635
28.5628
28.7069
30.6766
25.7011
26.4241
28.6111
28.3321
26.8334
26.9134
28.1051
36.5181
27.366
32.9657
24.7371
34.8718
21.7947
37.4697
22.567
30.8092
21.5064
31.0771
21.4238
32.6879
22.885
33.4552
20.0245
34.4596
19.2103
34.7429
19.7233
34.7242
24.7567
25.887
22.691
26.7082
22.9743
24.5669
23.2313
27.3718
23.0428
33.2891
20.7916
33.8109
21.489
35.5214
21.4299
22.2451
27.3299
28.3478
25.4488
36.1346
20.8843
38.5564
25.7682
32.3419
24.557
27.5101
22.4806
32.9954
21.074
30.0741
25.1422
29.05
23.9832
29.8312
24.1464
29.6764
24.746
32.2984
20.9261
34.3897
20.7038
29.3503
25.2865
33.9005
20.792
51.3022
24.2408
38.2937
18.8292
39.0486
18.7119
25.75
19.3133
31.2766
19.8015
34.0033
17.2333
33.9257
16.2665
43.2149
21.8359
25.6863
34.5359
21.6903
18.0881
26.062
20.443
31.7319
23.5116
37.0293
21.0454
28.2876
34.7874
25.7168
24.4679
32.0046
26.788
30.1352
19.8351
32.7434
25.0267
24.5623
22.6701
24.8912
21.928
23.5042
25.6775
20.7143
37.7453
21.6308
38.7788
22.6731
34.9678
21.9384
31.4245
20.8151
24.1468
27.7258
31.1104
26.1691
28.1398
23.0331
22.0415
24.9237
25.3011
24.0616
20.6262
28.1513
24.3163
27.7344
26.8812
20.8525
30.0067
25.0245
22.1615
26.8177
22.9857
23.4103
25.0021
32.6057
23.5072
37.9665
23.882
42.6654
26.6385
40.4365
21.3601
38.7166
20.5618
43.8171
19.6329
35.4591
19.4203
34.9211
19.9026
36.6551
18.359
39.9535
16.8516
31.7651
20.7369
36.2462
18.0522
38.4562
20.997
39.2055
24.955
40.5267
24.1372
29.0262
28.6014
32.8672
28.5589
26.3094
32.5334
22.9122
31.0942
23.3557
27.6983
25.2796
29.1926
30.4269
