682.662
640.072
598.893
560.626
530.349
501.126
474.777
452.425
431.979
412.959
396.665
381.493
368.082
355.514
344.386
334.208
325.127
317.367
310.929
304.99
299.336
293.839
288.746
283.88
279.197
274.536
269.96
265.573
261.326
257.109
253.039
249.148
245.181
241.195
237.277
233.486
229.874
226.373
223.104
220.225
217.453
214.731
211.862
208.872
206.304
203.758
201.141
198.558
196.221
193.816
191.595
189.523
187.393
185.378
183.47
181.654
179.809
177.814
176.034
174.152
172.336
170.727
168.909
167.223
165.561
163.83
162.181
160.54
159.063
157.684
156.555
155.131
154.07
152.802
151.581
150.35
149.204
147.931
146.861
145.64
144.681
143.348
142.447
141.211
140.185
138.93
137.991
136.795
135.909
134.771
134.064
132.952
132.495
131.292
131.179
129.58
128.903
127.608
127.457
126.149
125.946
124.583
125.479
123.296
125.02
123.008
124.773
122.024
125.551
122.716
127.353
123.087
124.168
120.282
122.854
120.421
121.066
120.316
122.465
118.69
119.551
117.958
115.353
113.868
115.425
113.896
113.011
109.345
109.364
105.06
104.023
101.282
101.333
98.4606
95.3247
93.8232
92.9925
92.4286
89.0968
86.9707
84.7848
83.1966
81.2215
78.8785
79.3823
77.7051
77.5166
74.4219
78.0256
74.7466
73.3079
71.3971
71.4532
70.4521
70.6185
70.3442
76.122
68.1021
70.1265
67.1421
68.8552
65.1169
67.8887
63.3688
60.5916
60.6294
59.3037
57.7607
56.7444
56.3902
56.4663
58.1542
63.0297
56.6422
56.2568
53.9872
54.5235
52.4151
53.246
51.973
52.8225
49.8225
51.3932
50.4458
54.0092
47.5759
49.4723
46.8872
48.2665
45.8212
48.0793
44.566
46.0772
45.5516
48.2829
43.3577
44.743
43.1084
44.423
43.1108
45.6082
40.8062
40.3549
39.3796
40.4709
39.9198
43.8922
40.123
43.6942
38.7636
38.6775
37.8315
37.0286
37.7211
37.2721
40.1662
39.8353
41.6071
36.6517
42.6578
36.5569
40.8501
35.479
36.6009
34.4585
36.4163
33.8419
35.144
33.2932
34.8412
32.7672
34.4435
33.8498
38.1926
33.2175
33.2764
31.4018
33.6683
32.0467
39.5429
36.556
43.5292
30.2642
30.0953
29.1518
29.5411
29.5292
30.6862
30.0219
33.9636
28.261
29.6158
28.1103
28.6909
27.47
29.6866
26.7016
26.9014
27.9232
30.3759
25.7956
25.7766
25.8721
27.578
27.384
27.1527
27.0722
26.2278
25.3821
27.1198
24.774
24.9154
23.8481
23.9344
25.0122
28.2573
25.0699
26.2663
26.202
32.7677
23.9435
25.4122
23.3088
24.1275
23.3876
25.92
22.8712
22.9773
23.1776
21.9557
22.5473
20.803
23.4909
22.1412
23.3271
20.7643
21.8147
20.2528
21.869
19.9825
19.9616
19.7788
21.4795
20.52
21.5341
21.5879
23.6893
26.7515
23.7254
28.3522
20.6539
21.3854
21.2637
22.8064
21.25
19.5101
19.2087
19.0845
19.2969
20.5438
18.1576
19.1905
20.3813
17.5849
17.6141
18.5604
17.9424
19.3146
17.7761
18.5866
17.8754
18.5442
19.9442
22.8627
23.1502
21.3289
20.2462
19.6792
16.9787
17.0175
17.1478
17.6791
16.5858
16.4725
16.4602
16.7503
16.8769
17.7537
15.9607
17.3637
20.3916
24.6078
18.9115
18.9354
19.0803
19.2671
17.8868
16.3942
15.8749
16.3416
15.5608
15.8312
15.4958
15.4823
15.2181
15.7924
15.411
16.2119
15.3806
15.5748
16.9722
17.9773
17.6107
16.9561
16.918
15.9875
15.0899
15.2106
15.0614
15.5845
15.0351
14.931
14.6647
14.5365
14.6563
14.562
14.56
14.6188
14.7456
14.6383
14.9238
15.6504
15.8508
16.413
15.0423
14.2847
14.4926
14.1797
14.1374
14.1954
14.1689
13.9514
14.001
13.8997
13.9269
14.1962
14.2177
14.2783
16.0652
15.1395
14.3777
13.8765
13.9
13.7504
13.6499
13.6996
13.5852
13.4961
13.4678
13.3764
13.4248
13.7114
14.0252
14.8795
15.4165
14.2448
13.816
13.9413
13.4441
13.5161
13.2563
13.5019
13.2497
13.0411
12.958
12.9259
13.0053
13.1791
12.7896
12.7273
12.7398
12.7463
13.2331
12.8917
13.0527
12.9374
12.7962
12.5329
12.609
12.7797
12.4582
12.4614
12.4266
12.6026
13.0507
13.8684
13.0452
14.4419
14.5978
13.2561
13.2652
13.2825
15.0562
13.4401
12.8569
12.9428
12.2795
12.1357
12.0979
12.0708
12.0955
12.2972
12.941
12.3011
12.272
12.501
12.3618
12.0978
11.7961
11.7422
11.8384
11.7126
11.9246
11.5928
11.5997
11.5898
11.794
11.5759
11.6541
11.5857
11.5271
11.5072
11.4693
11.8609
14.3392
13.6291
15.5961
13.3703
12.2676
12.4118
12.0283
11.7351
11.2363
11.0495
11.048
11.2607
11.5848
11.7846
13.3847
14.4121
12.2557
12.5738
11.4
11.0321
11.4816
11.3796
11.9825
11.6694
11.6552
11.9105
11.8763
12.1879
11.3118
10.7445
10.7201
10.5485
10.7398
10.4048
10.4762
10.3953
10.5411
10.345
11.4623
11.6091
11.6816
11.9999
12.6558
13.7682
11.1212
10.4086
10.6751
10.2106
10.1455
10.5276
11.1778
12.0206
10.7611
10.2337
9.93525
10.2527
10.5107
10.6948
11.1267
11.8431
11.3256
10.2582
9.83184
10.1013
9.66702
9.6312
9.94991
10.3679
11.5256
10.3571
10.0024
10.0447
9.56873
9.6715
9.73337
9.8287
9.36581
9.71654
9.56487
9.86925
10.3242
10.5345
12.7646
10.6643
10.5508
10.308
9.95542
10.1794
10.0335
9.63249
9.27069
10.4164
12.7869
9.83238
9.16126
9.93106
9.58475
9.87996
9.85083
10.1386
9.54242
10.3234
10.6726
9.45384
9.32382
9.83567
10.0632
9.49274
9.78104
8.90921
8.59578
9.23188
9.27852
9.32248
9.57032
9.30742
10.0002
10.0154
10.6895
9.43101
8.45104
8.46559
8.99111
8.92909
9.31739
9.14904
8.78576
8.24358
8.44875
8.40294
8.51384
8.79611
8.72607
9.16051
9.03712
10.2005
8.77033
8.14028
8.0728
8.0524
9.12571
9.16644
9.9877
12.898
9.34917
8.10346
8.09631
8.81134
8.34444
8.14452
8.67163
9.2719
10.1431
8.33981
7.66144
7.98829
8.85378
8.35849
8.62193
8.00545
7.68825
8.54771
9.59797
8.2472
7.70905
8.31
8.86582
8.29593
8.76244
7.87961
7.67256
8.61295
8.55221
7.69447
8.07982
8.59282
9.65486
8.11585
7.23134
7.30822
7.90926
8.31109
7.7012
7.56423
7.77131
7.85881
7.75483
7.71025
7.82587
8.09957
7.40898
8.83537
7.63669
7.68655
8.18271
8.75368
7.41961
8.28693
8.16673
9.3226
7.35327
6.7617
6.85782
7.04704
7.50555
6.82684
6.99848
7.22334
8.0175
7.3143
7.03243
6.62291
7.54977
7.64381
8.11204
6.83492
6.73339
6.80599
6.99672
7.43767
6.84882
7.13751
7.81495
11.1686
9.77021
12.4103
7.14845
6.8432
6.51595
6.90516
7.06103
6.9933
6.96754
7.78101
6.2252
5.93595
5.96378
5.75661
5.85828
6.36756
6.33634
5.89225
5.16078
5.43226
6.04796
7.99528
5.22569
5.08602
4.93918
5.23801
4.90529
4.95371
4.82331
4.90035
4.9133
5.06851
5.73419
4.98224
4.87608
6.18482
8.9313
7.30293
10.4046
5.44295
5.09293
4.76772
5.28372
5.32031
5.86948
5.10156
5.2421
4.69892
6.28275
4.73845
4.43514
4.6358
5.19501
4.80806
5.18324
6.27652
7.12942
4.96592
4.64388
4.28048
4.33616
4.06839
4.22925
4.00861
4.15302
3.99998
4.46911
5.64083
4.00601
4.00708
3.87269
3.95914
4.49004
5.25468
5.45279
4.78892
4.10287
3.99274
4.18822
3.74759
3.7082
3.4351
3.6145
3.5081
3.41687
3.55582
4.35645
3.84465
4.12025
5.743
7.2626
3.85845
3.93933
4.10791
3.43638
3.30469
3.3808
3.2097
3.30734
3.17202
3.26777
3.10144
3.21627
3.05699
3.3125
3.09707
3.20032
3.04017
3.16115
2.92695
2.95372
3.07907
2.93915
2.91572
2.97979
2.75409
2.92794
3.3338
3.25712
2.9081
3.34726
5.09232
2.99164
3.66503
3.50888
4.22199
5.74644
8.939
3.82284
3.0109
2.76725
2.8419
2.6737
2.7747
2.61025
2.71231
2.5638
2.67537
2.64698
2.58798
2.56001
2.50557
2.51627
2.71277
2.90496
2.4724
2.34413
2.80941
2.78326
2.46594
2.30494
2.34081
2.25917
2.30716
2.21245
2.28633
2.18646
2.4776
2.51742
2.58815
2.40301
2.22475
2.1099
2.09458
2.08251
2.14647
2.06407
2.1118
2.04006
2.29956
2.05482
2.0757
1.9699
1.95101
1.95995
2.1104
2.2273
2.15464
2.29007
2.03008
1.9232
2.00161
1.88995
1.86751
1.95179
1.86401
1.82986
1.81828
1.80863
1.888
1.92403
2.27121
2.49762
3.06243
3.16703
4.42431
2.68768
2.33356
1.79629
1.77717
1.77546
1.77244
1.77169
1.85764
1.76783
1.7654
1.76353
1.76219
1.8505
1.76536
1.75702
1.75495
1.75332
1.75256
1.7506
1.74866
1.7467
1.74473
1.74381
1.74233
1.74036
1.73858
1.7477
1.80404
1.73555
1.73226
1.73029
1.72965
1.7298
1.79352
1.8273
1.77831
1.72332
1.72129
1.71937
1.71829
1.71706
1.71516
1.71323
1.7113
1.71126
1.77605
1.72066
1.76703
1.70512
1.70381
1.77057
1.70116
1.6992
1.69726
1.69585
1.69724
1.69207
1.69012
1.68817
1.68729
1.68959
1.74016
2.0512
2.52898
2.3704
1.99159
1.9879
1.78186
1.67852
1.67651
1.67452
1.67251
1.67049
1.66848
1.66646
1.66445
1.66243
1.6604
1.6584
1.65736
1.65856
1.65412
1.65695
1.65182
1.64983
1.64783
1.64595
1.64529
1.64496
1.64189
1.64041
1.63957
1.63787
1.63618
1.63416
1.63215
1.63181
1.63365
1.62888
1.62686
1.62486
1.62283
1.62081
1.61945
1.61888
1.61682
1.61483
1.61295
1.61257
1.61108
1.60943
1.60644
1.60546
1.60417
1.60207
1.60002
1.5983
1.59783
1.59571
1.598
1.72782
1.61073
1.60383
1.60117
1.59909
1.59746
1.59675
1.59491
1.59408
1.59403
1.58961
1.58789
1.58939
1.58633
1.58808
1.58279
1.58081
1.57886
1.57691
1.57497
1.57384
1.57511
1.57191
1.56988
1.5683
1.57302
1.56702
1.65249
1.56586
1.56383
1.56188
1.5599
1.55793
1.55595
1.55429
1.56232
1.63361
1.55262
1.55088
1.54881
1.54693
1.54507
1.5432
1.54134
1.53947
1.53841
1.53854
1.54311
1.60671
1.53482
1.53281
1.53093
1.53163
1.60786
1.62732
1.5464
1.53832
1.53503
1.53303
1.53108
1.53018
1.52918
1.52928
1.52872
1.52579
1.52381
1.52194
1.52006
1.51862
1.51967
1.51762
1.51575
1.51386
1.51198
1.51009
1.5082
1.50632
1.50449
1.50675
1.50615
1.58972
1.5141
1.50188
1.50018
1.58109
1.49537
1.49344
1.49182
1.49149
1.48939
1.48745
1.48553
1.4841
1.48415
1.48284
1.56466
1.48241
1.48685
1.50036
1.48303
1.48084
1.4787
1.47664
1.47484
1.47333
1.47495
1.47274
1.47038
1.46845
1.46652
1.4646
1.46311
1.48776
1.53539
1.79915
2.11035
2.99433
3.27564
4.71816
1.95958
1.83171
1.77999
1.64386
1.5297
1.48027
1.46389
1.46166
1.45953
1.45742
1.45544
1.45367
1.4509
1.4489
1.44765
1.44664
1.44461
1.4427
1.44107
1.44075
1.53503
1.44221
1.43716
1.43531
1.43372
1.43211
1.43055
1.42915
1.42899
1.42839
1.42647
1.42486
1.42327
1.42165
1.42004
1.41891
1.42307
1.41715
1.41523
1.41361
1.41304
1.49386
1.41256
1.41056
1.40865
1.40702
1.40614
1.40442
1.40241
1.40053
1.39781
1.39741
1.76252
1.4386
1.48812
1.39483
1.39319
1.39155
1.38994
1.38821
1.38658
1.38493
1.38329
1.38327
1.47878
1.38689
1.38255
1.37837
1.37655
1.37489
1.37346
1.37322
1.37472
1.36947
1.36751
1.36744
1.3654
1.36373
1.36289
1.36119
1.35952
1.35785
1.35751
1.43735
1.5836
2.04421
2.56388
4.30403
2.12946
1.63388
1.68585
1.54808
1.39126
1.39176
1.37992
1.37015
1.36823
1.36674
1.36518
1.36346
1.3618
1.36015
1.3585
1.35685
1.35565
1.35807
1.35366
1.35201
1.35036
1.3487
1.34695
1.34529
1.34364
1.34198
1.3403
1.34051
1.42219
1.34164
1.33593
1.33425
1.33256
1.33088
1.33064
1.33851
1.34099
1.32854
1.32605
1.32397
1.32414
1.38429
1.33357
1.38518
1.31971
1.39066
1.32681
1.31472
1.31311
1.31193
1.31019
1.30915
1.31293
1.68948
1.31333
1.4122
1.30566
1.30396
1.303
1.30129
1.29957
1.29786
1.2962
1.29435
1.29287
1.29202
1.29025
1.28848
1.28678
1.28514
1.28399
1.28341
1.28139
1.28048
1.28072
1.28272
1.34404
1.29278
1.63022
1.64592
1.39988
1.27457
1.27192
1.27117
1.2716
1.26936
1.26723
1.26529
1.26354
1.26287
1.43329
1.3595
1.42041
1.42768
1.91974
2.48407
2.52532
3.54355
1.6006
1.54449
1.48346
1.38482
1.19281
1.20437
1.18092
1.17981
1.17897
1.17843
1.1779
1.17736
1.17682
1.17628
1.17614
1.17633
1.17559
1.17505
1.17451
1.17397
1.17343
1.17292
1.1734
1.17286
1.17232
1.17178
1.17124
1.1707
1.17016
1.16962
1.16931
1.17014
1.16819
1.16765
1.1671
1.16753
1.16698
1.16586
1.16516
1.16959
1.16254
1.1615
1.16095
1.1604
1.15985
1.15929
1.15874
1.15819
1.15775
1.1584
1.15747
1.15692
1.15637
1.15581
1.15526
1.1547
1.15448
1.15596
1.15324
1.15268
1.15264
1.15295
1.15221
1.15166
1.1511
1.15054
1.14998
1.14944
1.15028
1.14965
1.14909
1.14853
1.14797
1.14741
1.14685
1.14629
1.14617
1.14698
1.14725
1.14701
1.1495
1.14159
1.14045
1.13941
1.13884
1.13827
1.1377
1.13748
1.13827
1.13722
1.13665
1.13608
1.1355
1.13493
1.13442
1.13536
1.13444
1.13387
1.13329
1.13272
1.1322
1.13729
1.19376
1.13933
1.19918
1.13145
1.13088
1.1303
1.12972
1.12915
1.12857
1.12799
1.12741
1.12683
1.127
1.12699
1.12577
1.12519
1.12469
1.13733
1.18368
1.13019
1.18905
1.12711
1.12081
1.11959
1.1184
1.11749
1.1169
1.11686
1.11745
1.11658
1.11607
1.11556
1.11505
1.11454
1.11406
1.11697
1.11954
1.54997
1.7622
1.78569
1.94248
3.12337
4.19554
4.70217
1.67902
1.34267
1.19079
1.36875
1.1831
1.17884
1.17256
1.39572
1.16322
1.19238
1.14068
1.18847
1.13539
1.1349
1.13474
1.19544
1.13502
1.13453
1.13404
1.13355
1.13307
1.13258
1.13209
1.1316
1.13112
1.13073
1.13151
1.13097
1.13048
1.13
1.12951
1.12902
1.12853
1.12804
1.12784
1.1287
1.12776
1.12726
1.12677
1.12628
1.12579
1.1253
1.12526
1.12589
1.13181
1.36355
1.16467
1.20298
1.12593
1.12544
1.12495
1.12445
1.12396
1.12347
1.12297
1.12248
1.12199
1.12149
1.12136
1.1221
1.1212
1.1207
1.12021
1.11971
1.11922
1.11872
1.11877
1.12102
1.11766
1.11716
1.11696
1.1176
1.11688
1.11638
1.11588
1.11538
1.11488
1.11438
1.11439
1.11476
1.11423
1.11373
1.11323
1.11273
1.11223
1.11173
1.11123
1.11168
1.17918
1.12046
1.17146
1.11163
1.11072
1.11022
1.10972
1.10921
1.10871
1.10821
1.1077
1.1072
1.10715
1.10768
1.10689
1.10639
1.10588
1.10538
1.10487
1.10436
1.10463
1.17837
1.10647
1.15291
1.11519
1.16182
1.10361
1.10245
1.10194
1.10143
1.10092
1.10041
1.10041
103.176
70.6344
63.188
58.3969
53.6639
50.0205
47.6332
45.931
44.5153
43.1135
41.8083
40.5624
39.4323
38.5367
37.6203
36.8674
36.3567
35.6099
35.1206
34.4545
33.8707
33.4987
32.9975
32.5492
32.0822
31.7297
31.366
30.9563
30.5562
30.2581
29.9598
29.4949
29.0593
28.6609
28.2803
27.9899
27.6175
27.3128
27.0207
26.7089
26.2924
26.0902
25.6774
25.5306
25.1927
25.0217
24.5705
24.1782
24.1178
23.9169
23.6497
23.551
23.2232
23.1015
22.8215
22.7684
22.4416
22.265
22.0784
22.0393
21.6935
21.7597
21.5345
21.3681
21.0423
20.8686
20.8058
20.9065
20.4961
20.3105
20.1461
20.0846
20.1221
19.9145
19.7199
19.6707
19.579
19.2957
19.2079
19.0726
18.9906
18.827
18.7524
18.7822
18.5581
18.4376
18.2849
18.2213
18.0989
17.9985
17.8732
17.8075
17.6676
17.5529
17.447
17.4488
17.2488
17.2264
17.1446
17.0503
16.9183
16.8808
16.8583
16.7206
16.5877
16.5023
16.405
16.2901
16.1994
16.2082
16.0599
16.1242
16.0486
15.8988
15.7564
15.6252
15.5919
15.6135
15.658
15.483
15.3071
15.1623
15.0734
15.0568
15.0462
15.0257
14.8796
14.7383
14.6192
14.6103
14.598
14.5063
14.3774
14.529
14.3758
14.2102
14.1087
14.3145
14.1652
13.9603
13.8889
13.8608
14.22
13.8448
13.7125
13.8659
13.7315
13.5296
13.411
13.3869
13.4127
13.3685
13.2906
13.2273
13.0885
13.2063
13.0886
12.9758
12.8404
12.8121
12.8651
12.8734
12.6793
12.564
12.4754
12.5097
12.5556
12.3833
12.2794
12.3384
12.3364
12.5337
12.3125
12.195
12.1048
11.9918
11.9577
12.1321
12.2368
12.0446
11.8932
11.7884
11.7365
11.7139
11.6515
11.6183
11.52
11.4477
11.6417
11.4199
11.3303
11.5705
11.5962
11.363
11.1954
11.1343
11.2156
11.2589
11.31
11.1739
11.0202
11.2228
11.1626
10.9318
10.7853
10.7305
10.877
10.8255
10.6782
10.5741
10.8341
10.6764
10.5557
10.4137
10.3957
10.4081
10.2626
10.2764
10.2462
10.1541
10.1619
10.1005
10.2387
10.1489
10.0454
9.99281
9.91311
9.96268
9.97627
9.83175
9.67734
9.68313
9.91939
9.72588
9.60495
9.53038
9.43502
9.5826
9.62588
9.63829
9.49708
9.32756
9.24326
9.266
9.2132
9.20792
9.23551
9.24216
9.02893
8.95888
8.93135
9.20318
8.95917
8.78003
8.72757
8.76952
8.88369
8.81837
8.72524
8.60535
8.53428
8.51234
8.50371
8.52934
8.4154
8.47329
8.351
8.57723
8.45235
8.3566
8.16592
8.14399
8.19075
8.06528
8.07975
8.1398
7.88253
7.89292
7.87912
7.91066
7.7358
7.72658
7.7953
7.85289
7.89987
7.88333
7.53843
7.57509
7.49819
7.41824
7.46303
7.48524
7.50694
7.30437
7.31186
7.20553
7.14795
7.18803
7.22371
7.3735
7.09415
7.06927
6.98283
6.94921
6.8597
6.92555
6.87631
6.7841
6.81454
6.83977
6.80716
6.69237
6.59453
6.59183
6.57422
6.52211
6.6318
6.58754
6.86682
6.5148
6.39545
6.40188
6.52793
6.30052
6.36029
6.34582
6.33466
6.37473
6.61488
6.13659
6.13806
6.1885
6.22345
6.10825
6.20008
6.08025
6.1271
6.08025
6.1943
6.00882
6.13557
5.97952
5.98562
6.06774
6.26491
5.88132
5.99699
5.91715
6.04845
5.82496
5.78425
5.76466
5.85247
5.9238
5.83197
5.80771
5.86054
6.03703
5.6976
5.67594
5.70452
5.65417
5.68802
5.62624
5.65503
5.65709
5.7976
5.66876
5.57881
5.59223
5.60928
5.68257
5.79585
5.64377
5.58832
5.58729
5.52747
5.51366
5.47699
5.55342
5.45906
5.4804
5.43242
5.43631
5.39848
5.44095
5.39261
5.38151
5.34484
5.36667
5.3546
5.3186
5.31105
5.33877
5.29332
5.37018
5.29343
5.35269
5.33063
5.33494
5.25243
5.23908
5.19466
5.1838
5.18264
5.17571
5.16272
5.16035
5.13933
5.12173
5.12154
5.16036
5.20094
5.09235
5.07638
5.05987
5.04299
5.02677
5.06887
5.01708
5.04389
5.00131
5.06978
5.06452
5.11429
4.97847
4.98817
5.0055
4.9468
4.93782
4.92414
4.91282
4.88028
4.87957
4.85928
4.86244
4.91077
4.92064
4.82923
4.83039
4.78803
4.81247
4.78614
4.83307
4.79726
4.74106
4.72871
4.70798
4.69525
4.74791
4.78262
4.9019
4.75635
4.81372
4.87051
4.79009
4.81536
4.61973
4.60667
4.57659
4.5829
4.67565
4.63344
4.60921
4.5391
4.527
4.58262
4.53688
4.56851
4.65296
4.65225
4.8275
4.52281
4.63857
4.46982
4.45184
4.43433
4.41786
4.41717
4.48353
4.42903
4.45881
4.47013
4.49195
4.39504
4.40769
4.38934
4.39065
4.35995
4.34913
4.34479
4.33183
4.33986
4.31288
4.38727
4.31377
4.30546
4.26
4.31858
4.24826
4.28646
4.2744
4.34872
4.23851
4.30564
4.25149
4.31704
4.20182
4.23029
4.16298
4.14688
4.12753
4.15127
4.17962
4.13902
4.17665
4.20441
4.28833
4.12267
4.18686
4.21175
4.10153
4.34398
4.22951
4.30438
4.06377
4.09616
4.23992
4.06751
4.03602
3.99561
4.02518
3.98744
3.99274
4.00496
3.96428
3.95792
3.94477
3.96123
3.90727
3.92937
3.88899
3.9281
3.89248
3.88531
3.8638
3.92081
3.85951
3.95728
3.84782
3.88557
3.79458
3.78426
3.76267
3.85351
3.84485
3.80823
3.78123
3.79558
3.76005
3.75292
3.80739
4.02983
3.72878
3.79781
3.85101
3.9611
4.00579
3.71032
3.72439
3.64573
3.63727
3.63784
3.69981
3.6454
3.66021
3.62391
3.63375
3.6195
3.62131
3.60521
3.60202
3.64853
3.57468
3.59543
3.5632
3.61154
3.54323
3.58423
3.56329
3.54739
3.56619
3.57297
3.48492
3.51796
3.48179
3.52198
3.44932
3.43862
3.47804
3.44384
3.4419
3.44948
3.42884
3.47422
3.45475
3.39946
3.37724
3.36001
3.3513
3.33272
3.35166
3.3256
3.31244
3.30571
3.30613
3.28436
3.30734
3.3446
3.34118
3.31259
3.26654
3.30189
3.2439
3.24821
3.22822
3.21699
3.22198
3.19811
3.18285
3.17828
3.166
3.15544
3.29129
3.53728
3.54366
3.61719
3.65372
3.3799
3.22364
3.19739
3.20125
3.20533
3.14525
3.1976
3.14671
3.12922
3.13311
3.10607
3.11179
3.10626
3.09297
3.08396
3.08394
3.06437
3.11394
3.14139
3.08132
3.12621
3.06235
3.12195
3.05354
3.12401
3.07588
3.0921
3.11876
3.26083
3.16549
3.2018
3.1687
3.02944
3.09491
2.96203
3.07307
2.94039
2.94278
2.99759
3.00484
2.92501
2.91879
2.89104
2.88015
2.8685
2.86449
2.86832
2.93639
2.85929
2.8922
2.87404
2.921
2.94092
3.03805
2.93793
2.92078
2.97125
2.90201
2.90357
2.81839
2.79343
2.80637
2.87582
2.7939
2.83914
2.79219
2.82889
2.78135
2.81381
2.99349
2.99716
2.9292
2.83695
2.84587
2.83995
2.8206
2.8391
2.80786
2.72516
2.70475
2.69753
2.7012
2.77522
2.86806
2.98297
2.96108
2.87736
2.84179
3.08075
2.7657
2.70399
2.74098
2.69167
2.73052
2.68196
2.70099
2.68269
2.80489
2.66541
2.69515
2.78281
2.85586
2.72717
2.77602
2.68317
2.77062
2.65904
2.74872
2.64686
2.75882
2.63689
2.73565
2.61649
2.66112
2.60273
2.62962
2.59721
2.62022
2.64343
2.7503
2.58486
2.60437
2.71223
2.58042
2.57218
2.80761
2.62018
2.78339
2.54572
2.60851
2.5339
2.59807
2.55671
2.57953
2.5254
2.57323
2.51316
2.68736
2.57139
2.49709
2.55368
2.66985
2.78406
2.51626
2.50456
2.59554
2.48227
2.56321
2.7268
2.46358
2.59376
2.70357
2.45611
2.59533
2.71817
2.44399
2.54509
2.55764
2.42606
2.5229
2.54922
2.48545
2.74511
2.83575
2.7196
2.4414
2.42049
2.47651
2.56305
2.64718
2.43218
2.43422
2.61463
2.39853
2.521
2.61407
2.3775
2.49403
2.62956
2.41576
2.54699
2.35207
2.44509
2.34265
2.53736
2.40751
2.32824
2.54379
2.48477
2.35292
2.68429
2.62938
2.35998
2.35669
2.52689
2.3235
2.34819
2.53078
2.30479
2.42199
2.55688
2.33121
2.46871
2.61862
2.31709
2.35479
2.43357
2.32264
2.35147
2.43499
2.30565
2.35632
2.43169
2.27057
2.34745
2.42031
2.25453
2.40683
2.24794
2.57175
2.28796
2.27823
2.45033
2.27446
2.26216
2.27174
2.28759
2.37899
2.24656
2.28169
2.36322
2.24446
2.26609
2.37836
2.23182
2.27261
2.40781
2.2109
2.21619
2.27239
2.34586
2.25289
2.30321
2.21057
2.30028
2.2058
2.43899
2.21886
2.17309
2.43397
2.19952
2.18612
2.32331
2.19782
2.1542
2.29034
2.16335
2.16893
2.40283
2.20457
2.21435
2.29184
2.12848
2.14258
2.29271
2.32209
2.10465
2.14992
2.28078
2.28549
2.08131
2.07498
2.06899
2.23599
2.28417
2.06237
2.05784
2.212
2.15155
2.04765
2.06622
2.17748
2.15537
2.03058
2.0248
2.02697
2.18764
2.13149
2.069
2.22674
2.03201
2.10135
2.02118
2.07638
2.00095
2.20983
2.17679
2.14542
2.12184
2.25906
1.99716
2.09962
2.26874
1.9738
2.13268
2.23101
2.0286
1.96849
1.96207
1.95578
1.94982
1.94526
1.94015
2.09461
2.22378
1.96891
2.03134
1.94019
2.02027
1.93213
1.98876
1.92321
1.93475
1.93388
1.90894
1.90394
1.90873
2.04155
2.51405
2.30099
2.10643
2.09849
2.21245
1.93337
1.99416
2.21019
1.90513
1.90116
2.04531
2.20679
1.90534
1.89802
1.89211
1.90028
2.02752
2.02115
2.0002
2.02562
2.00561
2.15588
1.95612
1.87774
1.8706
1.87417
1.96706
2.16574
1.93054
1.88597
1.93872
2.15282
1.88274
1.93453
1.8707
2.0449
1.93384
1.91398
1.90725
2.16507
1.87349
1.9095
2.00615
1.93361
1.86931
1.94345
1.97557
1.92155
1.83453
1.83548
1.93641
1.97812
1.89073
1.99036
1.89906
1.96539
1.86063
1.95819
1.87621
2.15567
1.9944
1.93978
1.86672
1.94862
1.84286
1.92713
1.82114
1.8205
1.8092
1.81994
1.80684
1.7999
1.79673
1.79185
1.79032
1.79834
1.78835
1.78373
1.78123
1.77548
1.78364
1.78303
1.76824
1.764
1.75911
1.76184
1.75986
1.75718
1.75398
1.7511
1.74935
1.74022
1.74068
1.83831
2.10811
2.02014
2.15858
1.7835
1.81115
2.0654
1.74695
1.74379
1.86675
2.00399
1.73328
1.72671
1.72044
1.72352
1.71295
1.71097
1.70623
1.71034
2.09444
1.98415
1.73501
1.77316
1.71836
1.77902
1.94808
1.93675
1.71481
1.75657
1.69988
1.74316
1.71303
1.88768
1.77243
1.73017
1.86126
2.04058
1.70985
1.72543
2.00135
1.68017
1.74227
2.01479
1.67118
1.67245
1.66465
1.6597
1.65742
1.6542
1.65318
1.68121
1.73181
1.69123
1.82021
1.87448
1.90362
1.66
1.64963
1.64227
1.64001
1.63566
1.62963
1.63674
1.72713
1.82948
1.86445
1.8568
1.72541
1.63348
1.62504
1.62034
1.61449
1.72552
1.91042
1.67166
1.62399
1.73076
1.88825
1.63037
1.69809
1.77644
1.85496
1.61979
1.69189
1.70185
1.86879
1.60637
1.59187
1.58909
1.58372
1.58099
1.59395
1.6444
2.03605
1.60403
1.62659
1.62601
1.83335
1.77877
1.61524
1.62419
1.59544
1.63477
1.57987
1.63121
1.57771
1.57322
1.56695
1.56168
1.55614
1.55234
1.55146
1.54424
1.54208
1.53535
1.53825
1.54592
1.54007
1.53301
1.63843
1.55627
1.62892
1.55455
1.8341
1.88663
1.55957
1.53031
1.52369
1.52251
1.51718
1.51039
1.51318
1.63904
1.66859
1.60513
1.66825
1.58751
1.66725
1.58086
1.79169
1.5448
1.59163
1.68735
1.88312
1.50179
1.49305
1.48618
1.48554
1.83139
2.13739
1.7457
1.49976
1.49248
1.48592
1.48343
1.48948
1.54086
1.51068
1.52476
1.50494
1.51727
1.51228
1.51615
1.51839
1.48777
1.51292
1.47848
1.52203
1.46817
1.46204
1.45614
1.4585
1.45458
1.47245
1.44441
1.43916
1.43591
1.42885
1.42641
1.4274
1.42405
1.58726
1.74191
1.55703
1.4977
1.44049
1.51167
1.41928
1.51875
1.41405
1.40682
1.40318
1.40316
1.39864
1.54321
2.1162
1.48509
1.48187
1.59791
1.48903
1.43462
1.45217
1.44595
1.67588
1.77658
1.4277
1.43852
1.44639
1.41576
1.45529
1.39783
1.45174
1.39752
1.46258
1.37975
1.37349
1.37631
1.36981
1.36707
1.36253
1.35801
1.35065
1.34826
1.35165
1.45454
1.52701
1.51008
1.71279
1.38659
1.35152
1.45146
1.53849
1.45944
1.50432
1.43541
1.68351
1.35294
1.40368
1.5125
1.41854
1.49203
1.38652
1.62773
1.32442
1.32686
1.37505
1.81608
1.35147
1.32393
1.40927
1.5066
1.41132
1.46302
1.4029
1.47411
1.42434
1.45434
1.3997
1.47576
1.40278
1.46277
1.37537
1.46564
1.44598
1.43989
1.37467
1.62069
1.31776
1.36209
1.77398
1.37683
1.30093
1.35841
1.45101
1.37784
1.44508
1.38202
1.6082
1.2947
1.3488
1.60582
1.29455
1.32552
1.61655
1.29349
1.3088
1.59673
1.29476
1.29831
1.59331
1.26612
1.27254
1.27479
1.37787
1.32154
1.53585
1.25349
1.24626
1.24076
1.24231
1.23208
1.23056
1.22418
1.2197
1.22638
1.34021
1.5726
1.27494
1.2991
1.22274
1.31496
1.386
1.69566
1.25683
1.28057
1.41337
1.30588
1.25421
1.22266
1.27126
1.22158
1.22
1.20954
1.20653
1.20351
1.20049
1.19748
1.1945
1.19653
1.18952
1.18739
1.36291
1.34944
1.19705
1.32738
1.33632
1.19924
1.32375
1.36156
1.30426
1.30709
1.3026
1.48703
1.19761
1.25132
1.43484
1.6053
1.18703
1.1795
1.18087
1.33231
1.5436
1.23313
1.1904
1.26661
1.29195
1.64234
1.26109
1.18235
1.17927
1.17622
1.17317
1.17012
1.16707
1.16505
1.16712
1.16436
1.37405
1.4844
1.23268
1.16706
1.16378
1.16072
1.15767
1.15461
1.15499
1.34866
1.3005
1.23208
1.47631
1.16926
1.31084
1.3279
1.20768
1.30832
1.28017
1.31666
1.18493
1.26199
1.32238
1.19326
1.24575
1.32723
1.19559
1.23221
1.34814
1.19391
1.24121
1.33784
1.20654
1.21112
1.34148
1.21179
1.19204
1.35049
1.21698
1.17541
1.35195
1.22218
1.15643
1.36923
1.25592
1.19021
1.14793
1.1442
1.14112
1.13805
1.13733
1.31391
1.27711
1.14353
1.29711
1.29636
1.14377
1.29864
1.29938
1.15388
1.25937
1.29192
1.16008
1.2457
1.30445
1.17231
1.21124
1.30429
1.17357
1.19956
1.31177
1.17907
1.1884
1.33979
1.28706
1.23035
1.2308
1.29402
1.16133
1.2107
1.29875
1.16676
1.19172
1.30329
1.17202
1.17231
1.3086
1.17733
1.16097
1.1884
1.14517
1.19166
1.13692
1.20193
1.12978
1.19997
1.12699
1.21322
1.12029
1.2079
1.11057
1.10746
1.10539
1.17629
1.1493
1.32212
1.18251
1.13381
1.32457
1.18805
1.12152
1.19135
1.11304
1.19463
1.10496
1.20575
1.09665
1.09353
1.09042
1.08807
1.09687
1.35815
1.5744
1.37157
1.15872
1.37359
1.13271
1.16866
1.32509
1.14136
1.15811
1.16688
1.13852
1.34237
1.15967
1.13998
1.11559
1.18051
1.10209
1.18388
1.09358
1.18714
1.08506
1.19058
1.07779
1.19629
1.07199
1.06886
1.07258
1.36076
1.3722
1.1533
1.10418
1.33768
1.16324
1.12042
1.35846
1.18166
1.0792
1.18417
1.07066
1.18871
1.06501
1.06155
1.06421
1.28157
1.21086
1.07735
1.26357
1.23448
1.0708
1.06231
1.0638
1.28824
1.20952
1.07197
1.26315
1.21049
1.07726
1.24306
1.21795
1.08509
1.22461
1.22606
1.08788
1.21361
1.23912
1.09387
1.19374
1.24341
1.10685
1.16655
1.25553
1.11271
1.14727
1.25178
1.11804
1.13352
1.25642
1.12775
1.12983
1.26817
1.124
1.10572
1.27051
1.13793
1.08619
1.14117
1.07762
1.1457
1.07272
1.1569
1.06105
1.1542
1.05465
1.15784
1.04644
1.17447
1.05457
1.16576
1.05218
1.16645
1.03979
1.17036
1.03718
1.29824
1.35865
1.05749
1.15641
1.05141
1.15616
1.04263
1.15942
1.03405
1.16268
1.02935
1.33252
1.34064
1.05504
1.23685
1.31265
1.05902
1.22053
1.30676
1.06707
1.21353
1.30867
1.06813
1.19655
1.31571
1.08156
1.16947
1.47789
1.07925
1.14458
1.24772
1.06757
1.08014
1.10878
1.07137
1.11206
1.06269
1.11534
1.05399
1.11862
1.04529
1.12446
1.0973
1.12631
1.03285
1.12953
1.02407
1.14205
1.02297
1.01619
1.01396
1.01313
1.01236
1.01158
1.01081
1.01003
1.00926
1.00891
1.01612
1.01731
1.01538
1.13962
1.0074
1.00745
1.00664
1.00587
1.00509
1.00431
1.00353
1.00275
1.00252
1.01354
1.00708
1.00145
1.00062
0.999836
0.999679
1.00981
1.29344
1.2811
1.18542
1.04875
1.2832
1.0737
1.04455
1.11486
1.01989
1.11666
1.01189
1.1202
1.00744
1.12218
1.00073
0.999903
0.99912
0.998336
0.997553
0.996768
0.995983
0.995409
0.999151
1.12373
0.9959
0.994788
0.993812
0.993403
0.993198
0.99241
0.991622
0.991551
0.994062
0.990239
0.99035
0.990992
0.989606
0.988671
0.987866
0.987817
0.99114
0.988325
0.988338
1.2395
1.16342
0.999587
1.1998
1.15147
1.00417
1.17889
1.14839
1.00853
1.16641
1.16109
1.01434
1.14698
1.15731
1.01928
1.13884
1.31189
1.08282
0.989323
1.11326
0.986153
0.985361
0.984568
0.983775
0.982982
0.982188
0.981393
0.980598
0.979803
0.979007
0.978211
0.978311
0.985098
0.982851
0.978777
0.977833
0.977012
0.976214
0.975416
0.975101
0.980987
0.979287
0.974905
0.974028
0.973228
0.972429
0.97187
0.970806
0.969986
0.969407
0.976711
0.976774
0.972231
0.968283
0.96837
0.967801
0.966873
0.966666
0.967118
0.965742
0.965271
0.964392
0.963582
0.962773
0.961964
0.961154
0.960344
0.960054
0.962746
1.1023
0.960758
0.959784
0.958973
0.958162
0.95735
0.957445
0.959222
0.961444
0.956709
0.955893
0.955441
0.955277
0.954463
0.953792
0.968263
0.959741
0.954724
0.953257
0.952432
0.951615
0.950798
0.950652
0.955966
0.960442
0.958425
0.950515
0.949657
0.948568
0.947748
0.946982
0.949728
0.947582
0.948183
0.946377
0.945516
0.944694
0.943871
0.943369
1.09141
1.00338
1.19545
1.05679
0.983385
1.22398
1.06685
0.971318
1.12965
1.06373
1.20251
1.06192
0.953588
1.07276
0.946068
1.06859
0.943802
0.943085
0.942261
0.941436
0.94061
0.939784
0.938957
0.938188
0.942542
0.940027
0.941635
0.945676
0.939228
0.935784
0.934933
0.934082
0.933248
0.932414
0.931735
0.931776
0.931463
0.938257
0.935916
0.930351
0.929452
0.928615
0.928229
0.933181
0.927672
0.930423
0.932243
0.927012
0.926111
0.925272
0.924431
0.924283
0.928105
1.20762
1.38006
1.13932
1.00443
1.2991
1.02472
0.979432
1.30825
1.09404
1.00177
1.30723
1.01162
1.01969
1.26412
1.019
1.01537
1.27581
1.02128
0.992406
1.27933
1.03539
0.977711
1.08785
0.979515
1.23394
0.936369
1.12053
1.0888
0.949423
1.08192
1.09024
0.954682
1.06133
1.09876
0.962636
1.04567
1.10376
0.964494
1.03711
1.11797
0.970652
1.01344
1.12313
0.984644
0.98727
1.14713
0.99387
0.976415
0.995751
0.965974
1.00042
0.953819
1.00648
0.944829
1.0121
0.941092
1.01633
0.933817
1.01618
0.925416
1.02837
0.911959
0.911362
0.910602
0.910162
0.910819
0.909459
0.908723
1.02756
0.940104
1.03382
0.917743
1.0278
0.914573
0.912341
0.911592
0.911985
1.02709
0.910206
0.909991
0.909624
0.9088
0.907977
0.907153
0.906329
0.905682
0.909783
0.913591
0.908077
0.904315
0.904365
0.904137
0.903302
0.90302
0.902714
0.901887
0.901059
0.900355
0.902509
0.901682
0.899933
0.898719
0.897871
0.89704
0.896208
0.895469
0.902271
0.90295
0.900579
1.01422
0.896552
0.894962
0.893773
0.892938
0.892103
0.891266
0.891093
0.893805
0.889792
0.889804
0.890311
0.894804
0.890132
0.889167
0.888329
0.88749
0.88665
0.886819
0.887964
0.885379
0.887396
0.885294
0.884313
0.883471
0.882869
0.884611
0.88459
0.883037
0.882145
0.881301
0.880457
0.879612
0.879117
0.881391
0.880936
0.879753
0.879797
0.878196
0.87735
0.876503
0.875656
0.875182
0.878481
0.878622
1.00648
0.875174
0.873827
0.874387
0.935444
1.16954
1.2121
0.879146
1.10147
1.16083
0.885877
1.0731
1.16433
0.886256
1.04689
1.15519
0.894218
1.04531
1.17866
0.907071
1.08331
1.25412
0.962093
0.911724
0.965651
0.896445
0.968872
0.89222
0.971747
0.882404
0.976283
0.870978
0.981988
0.86724
0.866384
0.865527
0.864896
0.867269
0.865078
0.863764
0.862906
0.862047
0.861672
0.993275
0.867602
0.865583
0.862203
0.861059
0.860195
0.859333
0.858471
0.857608
0.857543
0.862951
0.863592
0.857986
0.856901
0.856037
0.855175
0.854308
0.854432
0.860126
0.858654
0.853899
0.852707
0.85184
0.850973
0.85127
0.883415
1.00116
1.08407
0.857441
0.882838
0.991866
1.08339
0.913815
0.858815
0.962595
1.09131
0.893114
1.00608
1.15373
1.06632
0.930954
0.952713
1.0615
0.91586
0.951717
1.06057
0.89128
0.960251
1.04256
0.890699
0.963418
1.0404
0.894358
0.953476
1.05205
0.907586
0.924654
1.05079
0.914905
0.909854
1.06601
0.883245
0.976357
1.02636
0.89103
0.944694
1.04246
0.894812
0.928011
1.03543
0.899472
0.915169
1.05082
0.90327
0.907372
0.903391
0.898325
0.906372
0.88953
0.909352
0.881324
0.923565
0.862406
0.926551
0.853589
0.932396
0.854681
0.94198
0.84108
0.936946
0.836768
0.947413
0.835925
0.834526
0.833645
0.832764
0.831882
0.831
0.830117
0.829234
0.828484
0.828602
0.828557
0.829976
0.832716
0.827936
0.827003
0.826117
0.825231
0.824345
0.823973
0.825839
0.823543
0.822902
0.83084
0.825392
0.821231
0.820271
0.820272
0.819381
0.818489
0.817597
0.817169
0.822323
0.82121
0.817298
0.815958
0.815052
0.814157
0.81361
0.813916
0.818941
0.819102
0.819174
0.929148
0.813333
0.811391
0.810353
0.809453
0.808552
0.80765
0.806748
0.805846
0.805579
0.805198
0.804412
0.816869
0.808591
0.804546
0.803527
0.802622
0.801716
0.80081
0.799904
0.799806
0.814552
0.829811
1.15087
1.20811
0.82767
0.968013
1.08135
0.825737
0.953423
1.0736
0.828533
0.996624
1.18541
0.871619
0.843077
0.879319
0.833395
0.878679
0.829928
0.882703
0.82053
0.886312
0.807785
0.892487
0.798888
0.895419
0.792677
0.791761
0.791264
0.791105
0.790305
0.794011
0.790763
0.789173
0.788257
0.787336
0.786417
0.785908
0.79892
0.790132
0.786201
0.788202
0.784967
0.784539
0.784261
0.783339
0.782416
0.781493
0.780569
0.780133
0.793328
0.784252
0.780164
0.778205
0.777585
0.776878
0.785795
0.784624
0.780302
0.887598
0.774172
0.772641
0.771426
0.769976
0.771006
0.768203
0.76894
0.767424
0.766052
0.764679
0.763305
0.761931
0.760556
0.760456
0.768728
0.765953
0.76043
0.759026
0.75765
0.756273
0.757272
0.779655
0.928012
1.01834
0.858486
1.07944
0.886132
0.771686
0.9681
1.12115
1.09168
0.83325
0.765089
0.757268
0.755774
0.754283
0.752906
0.751527
0.750147
0.748767
0.747386
0.746004
0.745257
0.749735
0.744168
0.74268
0.741435
0.744647
0.987402
0.851093
0.741697
0.740213
0.738815
0.73743
0.736045
0.734659
0.733554
0.731913
0.730708
0.742205
0.739779
0.737369
0.836585
0.730323
0.730748
0.725557
0.724102
0.722707
0.722125
0.722537
0.823127
0.719838
0.718422
0.717024
0.715626
0.715358
0.725227
0.719884
0.720314
0.719613
0.71242
0.71098
0.710878
0.710366
0.708961
0.70776
0.834475
0.740223
0.980921
0.790694
0.757143
0.935242
0.78995
0.724188
0.938192
0.793185
0.71883
1.00873
0.863981
1.1802
0.915341
0.732911
0.805379
0.792347
1.04576
0.766855
0.749946
1.02031
0.773843
0.752397
0.837881
0.739438
0.817951
0.737804
0.828381
0.691041
0.849124
0.847546
0.690645
0.689053
0.687357
0.685771
0.684184
0.682628
0.681084
0.679658
0.678731
0.678441
0.677014
0.676071
0.675165
0.673736
0.672307
0.670877
0.670273
0.675628
0.668389
0.667648
0.669493
0.68954
0.673684
0.664099
0.662385
0.660925
0.659478
0.658038
0.656596
0.655301
0.664667
0.659678
0.653033
0.65157
0.650686
0.654036
0.657397
0.649937
0.648613
0.646238
0.64477
0.643303
0.643674
0.653465
0.759258
0.653961
0.768403
0.647668
0.644299
0.642728
0.641272
0.639819
0.63957
0.638571
0.637117
0.635662
0.634206
0.632749
0.631292
0.630603
0.640313
0.637774
0.629653
0.628047
0.626582
0.626346
0.633811
0.633338
0.627516
0.624256
0.621968
0.620629
0.621871
0.61908
0.617608
0.616141
0.614674
0.614018
0.61386
0.61388
0.61184
0.61106
0.612345
0.610023
0.608092
0.606616
0.605137
0.603661
0.602185
0.600894
0.610115
0.632221
0.719834
0.598008
0.596057
0.601098
0.594388
0.593549
0.59204
0.59053
0.589038
0.587671
0.591765
0.58852
0.590528
0.585135
0.583633
0.582139
0.581245
0.586847
0.589364
0.577821
0.57632
0.574819
0.573317
0.572407
0.583734
0.712804
0.741484
0.98131
0.84547
0.614224
1.09237
1.02993
0.665515
0.582075
0.693586
0.644295
0.90724
0.646334
0.653676
0.897648
0.641852
0.630467
0.691488
0.563788
0.56227
0.560752
0.559234
0.557714
0.556574
0.5606
0.563262
0.560763
0.565443
0.568154
0.682854
0.578436
0.712656
0.574205
0.716314
0.556942
0.557333
0.710637
0.745316
0.727246
1.09592
0.765299
0.56093
0.698743
0.645914
0.802893
0.646077
0.573372
0.647176
0.576267
0.648299
0.557471
0.652534
0.55596
0.652226
0.549697
0.549203
0.547723
0.546238
0.545161
0.545879
0.544046
0.542561
0.5413
0.54206
0.540532
0.539022
0.537534
0.536046
0.535342
0.535594
0.535018
0.539471
0.539454
0.533377
0.53159
0.530097
0.529248
0.531931
0.528228
0.526545
0.525229
0.524555
0.526946
0.521644
0.520145
0.518645
0.517144
0.516869
0.526418
0.630778
0.515888
0.621536
0.519547
0.517538
0.517357
0.610763
0.51349
0.510863
0.5093
0.507766
0.50738
0.509855
0.516719
0.505274
0.503191
0.501679
0.500166
0.498652
0.497138
0.495623
0.496015
0.55594
0.769821
0.61063
0.505943
0.747067
0.593066
0.491906
0.490285
0.488757
0.487516
0.593565
0.494176
0.485353
0.484067
0.482903
0.484355
0.508006
0.735969
0.834998
0.496435
0.689436
0.814241
0.563394
0.553043
0.52815
0.742099
0.513124
0.651402
0.745232
0.523035
0.636591
0.905201
0.557469
0.512603
0.559247
0.502058
0.561696
0.492585
0.564136
0.484686
0.584726
0.476822
0.475172
0.473997
0.472827
0.471657
0.470485
0.469313
0.46814
0.468822
0.475319
0.473873
0.469007
0.467246
0.466453
0.46617
0.465204
0.470634
0.46986
0.464843
0.463632
0.462454
0.461271
0.460091
0.458909
0.458656
0.465797
0.464939
0.460746
0.568544
0.48014
0.55013
0.464647
0.559962
0.46144
0.553355
0.456325
0.455866
0.454679
0.453493
0.452305
0.451866
0.463919
0.456615
0.451557
0.449816
0.449426
0.448788
0.448268
0.459233
0.453163
0.448027
0.446291
0.445097
0.443902
0.443423
0.443559
0.445597
0.441677
0.440479
0.440505
0.439858
0.444962
0.445163
0.439663
0.437913
0.43705
0.436878
0.435907
0.441881
0.434633
0.434322
0.437253
0.564048
0.52718
0.717299
0.527192
0.444579
0.537744
0.430273
0.429062
0.42785
0.426637
0.425424
0.42421
0.422995
0.421779
0.420563
0.420602
0.422582
0.425195
0.41803
0.416794
0.415631
0.42611
0.423349
0.427852
0.717115
0.515146
0.42919
0.513869
0.428875
0.667885
0.514131
0.418299
0.417199
0.514821
0.415353
0.413934
0.412387
0.41116
0.411501
0.413662
0.410839
0.411473
0.409868
0.408907
0.407712
0.406579
0.408678
0.405144
0.404968
0.405426
0.403578
0.402985
0.403961
0.401736
0.403757
0.40047
0.400112
0.40036
0.399519
0.399526
0.398161
0.400608
0.396811
0.396549
0.396554
0.395048
0.393809
0.39285
0.392791
0.395527
0.501933
0.392003
0.390686
0.389719
0.391131
0.39102
0.38951
0.387478
0.386218
0.385914
0.394163
0.387151
0.383314
0.382027
0.380775
0.379522
0.378268
0.377056
0.387867
0.386088
0.383343
0.374873
0.373683
0.372388
0.371511
0.371901
0.370969
0.369015
0.36798
0.368211
0.383612
0.479893
0.64798
0.612739
0.669896
0.462147
0.39687
0.812567
0.710472
0.380134
0.365996
0.363185
0.367922
0.362211
0.361226
0.359941
0.35866
0.357377
0.356093
0.354809
0.353523
0.352383
0.360077
0.351913
0.350859
0.357615
0.356167
0.349658
0.34834
0.347048
0.346746
0.3516
0.345599
0.344279
0.342968
0.3417
0.347582
0.348784
0.343384
0.341014
0.339717
0.338509
0.344887
0.337307
0.336752
0.340073
0.341853
0.335905
0.334902
0.334716
0.333413
0.332109
0.331576
0.335044
0.33975
0.344901
0.326685
0.356026
0.417262
0.345363
0.621172
0.409837
0.348007
0.628686
0.412762
0.334235
0.330136
0.328664
0.327357
0.326027
0.325544
0.325027
0.3237
0.322385
0.32107
0.319753
0.318436
0.317201
0.317376
0.316057
0.314994
0.31998
0.313884
0.312432
0.312279
0.316581
0.317265
0.310322
0.308973
0.307646
0.308436
0.355339
0.420467
0.543995
0.377001
0.395194
0.534381
0.37049
0.371902
0.52062
0.379124
0.356591
0.524986
0.393908
0.331705
0.397395
0.313125
0.407002
0.437499
0.719059
0.574189
0.315371
0.312931
0.311416
0.3099
0.308382
0.306933
0.305539
0.304205
0.302871
0.301535
0.301011
0.299114
0.297648
0.296306
0.294964
0.294555
0.306357
0.304668
0.300176
0.401185
0.293821
0.290274
0.288837
0.287471
0.28612
0.284773
0.284108
0.292368
0.401424
0.28399
0.282601
0.282257
0.280901
0.279805
0.28561
0.278253
0.277938
0.280995
0.282752
0.276822
0.275263
0.273942
0.27411
0.274337
0.274713
0.279663
0.272526
0.27114
0.269775
0.268409
0.26724
0.267784
0.271015
0.27508
0.27041
0.26505
0.262644
0.262151
0.262247
0.260122
0.258745
0.257543
0.401072
0.636651
0.399284
0.270068
0.35663
0.268051
0.36594
0.25954
0.258287
0.25713
0.25551
0.254129
0.252795
0.253011
0.252285
0.255372
0.252165
0.250656
0.249727
0.250277
0.247863
0.246449
0.245744
0.250979
0.245252
0.244745
0.243331
0.242945
0.242424
0.24015
0.238742
0.237546
0.239119
0.243168
0.260014
0.235724
0.234038
0.232582
0.231148
0.229738
0.228609
0.277072
0.689792
0.672678
0.622201
0.386101
0.239181
0.230692
0.229508
0.231619
0.22791
0.227573
0.227733
0.226054
0.22464
0.223224
0.221807
0.220622
0.222331
0.220403
0.224794
0.230187
0.22179
0.21551
0.214005
0.212548
0.211119
0.21011
0.20996
0.209727
0.210594
0.207737
0.206779
0.207383
0.222649
0.418494
0.352607
0.69212
0.314724
0.28692
0.647173
0.460466
0.310329
0.2199
0.319868
0.20976
0.208091
0.206652
0.205213
0.203772
0.202508
0.30702
0.217584
0.200638
0.20089
0.199319
0.197874
0.19736
0.196703
0.195257
0.193809
0.19236
0.190935
0.190427
0.200199
0.195194
0.189523
0.187929
0.186473
0.185049
0.185292
0.183851
0.183734
0.193952
0.188908
0.182353
0.180653
0.179217
0.179356
0.178839
0.186609
0.186121
0.176961
0.175445
0.173978
0.172509
0.171977
0.18097
0.178873
0.170548
0.168467
0.167146
0.172722
0.179785
0.168084
0.165695
0.164624
0.163144
0.161663
0.160253
0.162353
0.15989
0.160849
0.210013
0.428148
0.244995
0.269851
0.483396
0.259374
0.171644
0.16966
0.168102
0.166542
0.165477
0.163625
0.162126
0.160627
0.15947
0.166329
0.157682
0.156929
0.159194
0.162093
0.156132
0.154516
0.153701
0.153307
0.151815
0.150323
0.149446
0.154336
0.154709
0.148965
0.14707
0.145573
0.144075
0.143009
0.143281
0.148692
0.154167
0.155029
0.138359
0.136721
0.13518
0.133796
0.134078
0.132391
0.132526
0.130983
0.129467
0.127949
0.12643
0.12515
0.130505
0.128349
0.129515
0.123023
0.120844
0.119318
0.118053
0.124101
0.122533
0.124772
0.116895
0.115348
0.113817
0.114147
0.122283
0.119552
0.1136
0.110631
0.109068
0.108229
0.107664
0.106729
0.11605
0.115611
0.206278
0.226301
0.1249
0.38262
0.216289
0.10634
0.10454
0.103988
0.112845
0.100486
0.0988571
0.0973622
0.105556
0.107092
0.101994
0.0940558
0.0940843
0.0920776
0.0905332
0.0894104
0.0890254
0.0879664
0.0867578
0.0914267
0.0850146
0.0833014
0.082288
0.0858258
0.0812432
0.0825759
0.0785171
0.0767361
0.0771347
0.120387
0.255526
0.512758
0.91387
1.3692
0.545277
0.178339
0.318865
0.419198
0.338771
0.583866
0.151217
0.123439
0.16573
0.143051
0.356856
0.251697
0.107195
0.173681
0.0912728
0.175394
0.0806656
0.179494
0.0778336
0.0758048
0.0743938
0.174375
0.0712339
0.0698811
0.0682872
0.0671926
0.0669801
0.0666925
0.0679857
0.0648106
0.063236
0.061715
0.060215
0.0722308
0.22837
0.467967
0.343608
0.0888765
0.0616384
0.0598129
0.0582214
0.0566386
0.0550548
0.0534699
0.0531828
0.064066
0.0508571
0.0568862
0.0488013
0.0485133
0.0503768
0.0472011
0.0528857
0.184673
0.124938
0.227149
0.110321
0.237943
0.0898136
0.0611698
0.199019
0.221948
0.0990842
0.064457
0.179949
0.225067
0.0666603
0.167247
0.219178
0.0695876
0.144397
0.225481
0.077675
0.128388
0.242112
0.0897945
0.0961888
0.0942763
0.10775
0.253779
0.0905023
0.0781807
0.0976952
0.0674492
0.0995513
0.0567115
0.102154
0.054763
0.115252
0.0563659
0.110054
0.0328535
0.124023
0.0243916
0.0227775
0.0211623
0.0195458
0.0179282
0.0166961
0.0206127
0.0183144
0.0159231
0.014814
0.0186004
0.0144486
0.0174398
0.0155002
0.0358882
0.014313
0.0155558
0.0161494
0.0132441
0.011069
0.00927265
0.00733804
0.00570985
0.00682232
0.0182413
0.00654735
0.0169981
0.00679662
0.03679
0.00509567
0.0261115
0.0294724
0.103617
0.0198578
0.00120282
0.0174681
0.0018486
0.0174173
0.00813922
0.00899503
0.00959661
0.0201173
0.000133862
0.0145126
0.00232835
0.0121332
0.00306028
0.0108816
0.00278328
0.00962924
0.00250616
0.00837599
0.00292805
0.0190673
0
64.0529
58.9747
54.7634
51.0593
48.8219
47.0965
45.4356
43.2706
40.5176
37.9798
36.2213
35.1053
34.1685
33.4485
32.7233
32.0712
31.4119
30.744
30.1283
29.5629
28.9425
28.1263
27.6724
27.1443
26.5892
26.0982
25.5877
25.156
24.7265
24.2698
23.826
23.4797
23.0487
22.5863
22.2032
21.9967
21.5927
21.3245
20.8083
20.4075
20.3048
19.8822
19.8877
19.3975
19.0341
18.592
18.4671
18.3907
18.4928
17.8223
17.7689
17.4033
17.3619
17.5478
17.7053
16.879
16.8637
16.5573
16.7689
16.9158
16.2679
16.0812
16.041
16.0019
15.7829
15.8484
15.7694
16.0935
15.38
15.254
15.1596
15.3049
15.067
14.8345
14.9613
14.8363
15.322
14.3443
14.1818
13.4984
12.3537
12.3847
10.1538
10.5363
10.6519
10.1059
10.2316
9.93024
9.94493
9.99969
10.4538
8.83895
8.6536
8.58142
8.38923
8.49401
9.43559
8.70167
8.2018
8.08878
7.96213
8.95426
8.13864
7.69023
7.47321
7.56656
8.33242
7.24787
7.24334
7.35301
7.26387
7.93089
6.91893
6.77493
7.1426
6.96417
7.56554
6.6957
6.48538
7.60202
7.91022
6.64788
6.42788
6.50282
6.29275
6.33046
6.53116
7.28918
6.15557
6.10787
6.63124
5.73267
6.35608
6.83382
5.65138
6.10527
6.7053
6.21866
5.72001
6.33371
6.34223
5.29886
5.50915
5.70568
5.15542
5.37096
5.02451
5.27528
4.98014
5.25834
4.79713
4.71786
4.70079
5.15303
4.85843
5.67019
4.56134
4.51795
4.47563
4.97996
5.32815
4.37301
4.38492
4.50411
4.9316
4.18766
4.13182
4.08776
4.13609
4.16046
4.3095
4.67227
3.94636
3.89
3.83623
3.76021
3.74654
3.68559
3.6628
3.59957
3.64961
3.59047
3.51686
3.47396
3.46677
3.41962
3.48941
3.73043
3.43763
3.71218
4.02861
4.9473
3.67391
3.31051
3.16957
3.13046
3.19869
3.48533
3.2751
3.22707
2.94531
2.88184
2.89678
2.98911
2.88706
2.8087
2.77284
2.74191
2.70893
2.68579
2.68207
2.66822
2.58472
2.58011
2.78825
2.61489
2.55837
2.49482
2.44928
2.41218
2.39153
2.48295
2.69082
2.5809
2.92729
2.32194
2.27326
2.27657
2.34802
2.26166
2.26582
2.19726
2.14969
2.10316
2.1082
2.07077
2.05023
2.01843
2.02478
2.19983
2.04734
2.08355
1.96672
1.9057
1.88199
1.88146
1.89697
1.78677
1.74457
1.7237
1.86846
1.8978
1.74503
1.81705
1.70128
1.68603
1.62985
1.61609
1.59465
1.64882
1.61049
1.55186
1.52991
1.52735
1.49474
1.51674
1.46504
1.47237
1.43904
1.38819
1.38967
1.60152
2.04107
2.35997
1.34726
1.31951
1.30819
1.30998
1.37644
1.62077
1.85351
2.19519
1.23383
1.18927
1.16568
1.17473
1.19079
1.1988
1.33365
1.30726
1.52817
1.61013
1.20071
1.11142
1.07638
1.08071
1.04821
1.05261
1.05134
1.01521
1.01852
1.05668
1.04118
0.971461
0.952595
0.910872
0.890467
0.948147
0.97284
0.993508
1.20572
0.901866
0.976273
0.888659
1.00319
0.810341
0.783316
0.786147
0.79165
0.749608
0.734728
0.729951
0.786145
0.78805
0.726094
0.718551
0.721592
0.704722
0.701836
0.661853
0.659321
0.614529
0.620798
0.656705
0.611582
0.628543
0.589658
0.609592
0.573345
0.592676
0.567583
0.59251
0.553675
0.54967
0.552973
0.554262
0.555186
0.541693
0.537679
0.535856
0.535138
0.534227
0.533155
0.536551
0.554905
0.53799
0.525915
0.524074
0.522232
0.520389
0.518545
0.516832
0.515657
0.513812
0.511966
0.510118
0.510569
0.510005
0.510187
0.505115
0.50326
0.502059
0.501602
0.499746
0.498814
0.497071
0.496558
0.494698
0.493793
0.494466
0.490921
0.489399
0.489247
0.487379
0.48551
0.483639
0.481768
0.480041
0.485696
0.48288
0.4801
0.474585
0.472701
0.470815
0.470295
0.474166
0.473619
0.466458
0.465442
0.488119
0.65269
0.502275
0.544336
1.54271
2.03152
1.02008
0.601584
0.53047
0.494079
0.481656
0.480888
0.481234
0.486292
0.477338
0.475521
0.473703
0.471884
0.470285
0.470246
0.468425
0.466603
0.46478
0.462956
0.461131
0.459305
0.457478
0.457
0.457186
0.455553
0.467015
0.452214
0.450384
0.449967
0.448735
0.446904
0.445071
0.443238
0.441403
0.439567
0.439745
0.442722
0.438233
0.436393
0.434551
0.432709
0.430899
0.431046
0.429201
0.427805
0.428942
0.430554
0.427155
0.425305
0.423454
0.421603
0.41975
0.418307
0.418073
0.416218
0.414361
0.412504
0.412657
0.413218
0.410959
0.409334
0.407468
0.405601
0.405118
0.404461
0.404207
0.402336
0.400463
0.398864
0.398763
0.396891
0.395018
0.393143
0.391489
0.392946
0.390134
0.391387
0.387325
0.386483
0.385606
0.38372
0.381832
0.379944
0.378055
0.377954
0.380098
0.539461
0.414448
0.391902
0.46397
0.387369
0.372651
0.37076
0.368868
0.366975
0.365628
0.374662
0.367036
0.366002
0.364103
0.362202
0.360301
0.358398
0.356494
0.354589
0.353521
0.356051
0.355679
0.352299
0.350382
0.348465
0.346546
0.344626
0.342704
0.342313
0.344933
0.421007
0.341269
0.339972
0.338045
0.336116
0.334186
0.332255
0.330322
0.328388
0.32759
0.335814
0.340923
0.350788
0.364104
0.328278
0.326332
0.325666
0.324563
0.322614
0.320665
0.318714
0.316761
0.314807
0.313304
0.318874
0.314175
0.312677
0.312017
0.310452
0.308358
0.307346
0.306561
0.304596
0.30263
0.300662
0.298902
0.300111
0.299073
0.2971
0.295125
0.293149
0.291171
0.290312
0.293326
0.287634
0.285848
0.28478
0.284906
0.297377
0.283423
0.282351
0.281278
0.280204
0.27913
0.278056
0.277813
0.279797
0.284415
0.280028
0.275366
0.274286
0.273204
0.272122
0.27104
0.27059
0.272242
0.271005
0.269921
0.268837
0.267752
0.266666
0.26558
0.264493
0.264852
0.26547
0.26302
0.26169
0.262006
0.266094
0.264228
0.260694
0.259605
0.258623
0.257092
0.26219
0.257458
0.256135
0.255039
0.253942
0.252845
0.251748
0.25065
0.250045
0.250781
0.249683
0.248583
0.248847
0.255142
0.284696
0.254047
0.258546
0.246709
0.245605
0.2445
0.243395
0.242289
0.242212
0.242419
0.241312
0.240418
0.24005
0.238942
0.238849
0.239068
0.237959
0.236849
0.235739
0.234628
0.233517
0.232405
0.231791
0.238677
0.231231
0.229853
0.241222
0.368436
0.26609
0.280241
0.240203
0.273133
0.2296
0.229411
0.229753
0.228474
0.226718
0.226468
0.226834
0.225718
0.225942
0.22862
0.243741
0.223272
0.222923
0.22339
0.222272
0.221153
0.220033
0.218913
0.217793
0.216672
0.215998
0.231126
0.220123
0.211792
0.210662
0.209531
0.213382
0.228557
0.213911
0.212775
0.211639
0.210502
0.209364
0.208591
0.210347
0.209336
0.208197
0.207056
0.205916
0.204774
0.203633
0.202787
0.204008
0.201867
0.20065
0.199797
0.202651
0.200957
0.198875
0.197728
0.197184
0.194419
0.192024
0.190935
0.194804
0.193461
0.191467
0.190312
0.189156
0.188
0.186843
0.186863
0.186971
0.185813
0.184654
0.183495
0.182335
0.181855
0.184559
0.198058
0.178644
0.177478
0.176311
0.175626
0.176432
0.175264
0.174095
0.172926
0.172504
0.175525
0.175573
0.17474
0.172012
0.167425
0.166248
0.165071
0.164068
0.171337
0.178407
0.177626
0.159141
0.157039
0.155847
0.154654
0.153461
0.152268
0.152348
0.157415
0.153981
0.156025
0.221351
0.148823
0.149248
0.148049
0.147011
0.166766
0.154301
0.152638
0.151434
0.15023
0.149025
0.147819
0.148181
0.146381
0.145173
0.143965
0.142756
0.141546
0.141798
0.146814
0.139622
0.13841
0.138625
0.138542
0.137329
0.136116
0.136319
0.134714
0.134767
0.134733
0.133516
0.132298
0.13108
0.129861
0.128642
0.127422
0.127328
0.129581
0.127434
0.135506
0.126085
0.124233
0.123005
0.121776
0.120546
0.119316
0.118086
0.116855
0.115623
0.11439
0.115937
0.117399
0.114408
0.111618
0.114403
0.113704
0.106899
0.104511
0.103261
0.102011
0.100759
0.0995072
0.0982545
0.0985303
0.102611
0.0953818
0.0941211
0.0928598
0.0927129
0.100485
0.0899576
0.0925959
0.0863387
0.0895328
0.0836676
0.0823931
0.081118
0.0798422
0.0787464
0.13512
0.209577
0.277202
0.527631
0.227305
0.569643
0.265907
0.217143
0.0958549
0.0963687
0.096127
0.0948631
0.0935985
0.0923333
0.0910674
0.0898008
0.0885336
0.0888102
0.0886705
0.0874017
0.0861322
0.084862
0.0835911
0.0823195
0.0810473
0.0812019
0.0844612
0.0808654
0.0795908
0.0783155
0.0770396
0.0771142
0.0781141
0.0772452
0.075968
0.0746901
0.0734115
0.0721323
0.0708524
0.0696172
0.0799582
0.0697602
0.0701643
0.0698776
0.0685948
0.0673112
0.066027
0.0647414
0.063455
0.062168
0.0624698
0.0622843
0.0609956
0.0613852
0.0660252
0.0630427
0.0596537
0.0577759
0.0564821
0.0551876
0.0538925
0.0525966
0.0513001
0.0507636
0.0514055
0.0501072
0.0488082
0.0482028
0.0479105
0.0465541
0.05313
0.0456473
0.0436508
0.0430205
0.0437432
0.042439
0.0411341
0.0398285
0.0385223
0.0372154
0.0361927
0.0404325
0.0369249
0.0356154
0.0343052
0.0329943
0.0316828
0.030957
0.0373805
0.0312749
0.0295702
0.028257
0.0288323
0.0313247
0.0260317
0.024711
0.0233897
0.0220676
0.0207448
0.0194214
0.0182289
0.0194927
0.0181673
0.0168412
0.0155145
0.0158756
0.0277331
0.0278724
0.0101184
0.156002
0.714098
0.0876042
0.148068
0.0084682
0.00711498
0.00635319
0.0119587
0.00683327
0.0102059
0.00731362
0.00845244
0.00779424
0.00669811
0.00827513
0.00494288
0.00875629
0.00318677
0.00923771
0.00142977
0.00971941
0.00097958
0.00463719
0.009932
0.00284802
0.00817413
0.00332885
0.0064154
0.00380941
0.00465602
0.00429023
0.00289575
0.00477133
0.00113458
0.00525269
0
100.754
78.7189
69.9139
63.3016
57.8548
54.2377
50.7986
47.9859
45.6201
42.868
40.6565
39.6362
37.3347
35.5725
33.8375
33.7426
32.3481
33.4852
33.2495
33.3247
30.6446
31.8168
29.4205
30.5869
27.7123
28.8128
26.7601
24.5255
23.5789
26.186
23.6393
23.096
23.7342
22.9941
22.7173
21.0367
20.3857
17.9247
19.3095
17.5371
18.8546
19.3256
17.3018
16.5125
16.4595
16.5016
16.0581
14.3416
13.9636
14.372
16.6838
12.9671
12.4939
12.3344
12.8581
12.5589
13.2609
11.6198
11.2702
11.2829
11.6019
10.7246
10.336
10.2148
10.1994
10.4343
10.0936
10.0513
10.2552
9.3313
9.27125
9.61467
11.9471
10.0239
11.2069
9.54756
12.1848
9.56257
8.94164
9.28551
10.0203
8.24921
8.17825
8.2912
8.42257
8.01965
8.09976
7.91194
7.85474
7.80366
7.75789
7.70735
7.7026
7.7502
7.81854
7.5668
7.51039
7.46343
7.56536
7.41285
7.48707
7.43375
7.35215
7.26616
7.25496
7.26051
7.10361
7.27656
7.00898
6.98769
7.02323
7.05571
6.84874
6.79459
6.75184
6.7034
6.67244
6.66494
6.78935
6.66977
6.55996
6.63224
6.56258
6.51724
6.39874
6.42792
6.34485
6.41345
6.67329
7.63243
8.00119
8.07148
7.15439
7.0595
6.26675
6.21774
6.02662
5.9412
5.87916
5.83069
5.79048
5.78331
5.70271
5.65992
5.60535
5.56632
5.51072
5.49742
5.46069
5.44825
5.37687
5.4043
5.32276
5.24255
5.18927
5.15169
5.1178
5.09494
5.15759
5.23131
5.00747
5.03486
4.89984
4.82154
4.76415
4.72137
4.67058
4.62791
4.62089
4.66049
4.58542
4.57695
4.51705
4.93802
4.70534
5.04743
5.99946
5.42466
5.60495
4.73209
4.24536
4.17136
4.15906
4.06374
3.994
3.92918
3.86431
3.82189
3.77013
3.7392
3.69089
3.63931
3.6537
3.59774
3.57726
3.63173
3.46068
3.5401
3.36942
3.44442
3.28906
3.29495
3.39777
3.29487
3.13205
3.07119
3.03836
2.98806
2.93186
2.91883
2.98486
3.07623
3.4705
4.72191
3.87096
4.17285
3.51964
3.25665
2.81879
2.59824
2.53385
2.47589
2.54326
2.47478
2.41942
2.41969
2.2964
2.32535
2.21691
2.19984
2.20385
2.14889
2.13263
2.12928
2.13672
2.17685
2.20067
2.18588
2.14916
2.09676
2.09753
2.06715
2.07646
2.01996
2.14028
1.9702
1.94033
1.97043
1.92089
1.88391
1.87137
1.87424
1.85187
1.83087
1.80501
1.82243
2.22862
2.36269
2.93626
2.23702
2.09811
1.87669
1.82313
1.79459
1.78912
1.78269
1.79156
1.80731
1.76115
1.71583
1.70503
1.70421
1.68963
1.68688
1.66615
1.65256
1.6484
1.62966
1.62888
1.61572
1.60524
1.59644
1.6228
1.66573
1.60165
1.58106
1.57226
1.56405
1.55763
1.57077
1.54218
1.53962
1.52176
1.52088
1.51528
1.499
1.49397
1.4876
1.48944
1.48525
1.47286
1.45433
1.44732
1.44777
1.44661
1.43069
1.41717
1.41574
1.40024
1.40452
1.40056
1.4653
1.37727
1.37447
1.38088
1.3598
1.34937
1.33981
1.32981
1.32637
1.32302
1.30471
1.29787
1.29701
1.38108
1.29158
1.2774
1.26915
1.26104
1.25751
1.24431
1.23636
1.22531
1.23387
1.22505
1.21835
1.23696
1.19987
1.20403
1.18677
1.17659
1.17886
1.19737
1.16596
1.15861
1.15005
1.13829
1.14174
1.12982
1.13146
1.11135
1.12226
1.15905
1.15536
1.10847
1.09654
1.09742
1.08364
1.08246
1.06255
1.06439
1.0797
1.06429
1.05009
1.06608
1.04727
1.04889
1.02794
1.01856
1.01437
1.00927
1.00954
1.00447
0.988525
0.978479
0.982274
0.977417
0.95858
0.949876
0.962979
0.956189
0.940625
0.939227
0.91916
0.936625
0.968429
0.913808
0.906037
0.906738
0.897097
0.894072
0.908904
1.10412
1.02607
0.885039
0.881374
0.861299
0.869155
0.882209
0.847546
0.843778
0.846451
0.826417
0.818639
0.81149
0.814581
0.795349
0.791238
0.798284
0.896235
0.888287
0.90875
0.820865
0.830202
0.791871
0.799048
0.779227
0.76335
0.755766
0.753487
0.750923
0.742732
0.730838
0.728717
0.723183
0.713671
0.705846
0.718921
0.736933
0.777764
0.714409
0.695628
0.676836
0.666743
0.661326
0.659911
0.685725
0.689367
0.659825
0.656155
0.66107
0.64549
0.631068
0.620566
0.626708
0.607265
0.651437
0.608567
0.61426
0.589038
0.591437
0.572759
0.587568
0.581163
0.574297
0.566172
0.567137
0.578325
0.552239
0.546553
0.546314
0.527412
0.531936
0.55096
0.557067
0.520479
0.515849
0.514474
0.520839
0.50153
0.488805
0.482254
0.464335
0.472036
0.463231
0.444461
0.444677
0.47343
0.597694
0.470648
0.469421
0.46332
0.460638
0.442328
0.442996
0.435875
0.437565
0.429594
0.423193
0.420129
0.410567
0.415627
0.416111
0.403533
0.401155
0.399472
0.389809
0.384197
0.387837
0.391217
0.377059
0.371594
0.371299
0.364849
0.362757
0.448527
0.366003
0.362242
0.351376
0.356043
0.342856
0.340627
0.344293
0.357011
0.487861
0.559428
0.360232
0.34552
0.336316
0.338121
0.327213
0.325896
0.324579
0.324515
0.324868
0.321678
0.3222
0.320881
0.319562
0.318241
0.317649
0.316399
0.315076
0.313749
0.312422
0.31161
0.312013
0.310688
0.309363
0.308949
0.308776
0.307459
0.306958
0.304415
0.305484
0.305061
0.303728
0.302394
0.30106
0.300241
0.300476
0.299141
0.297805
0.296469
0.295132
0.296114
0.298128
0.294844
0.292921
0.293863
0.297352
0.297226
0.295892
0.294557
0.293221
0.292131
0.292631
0.291294
0.289957
0.28862
0.287281
0.286936
0.289152
0.287435
0.28548
0.28414
0.282799
0.282166
0.282532
0.284577
0.279999
0.278655
0.277309
0.275962
0.274614
0.275198
0.278962
0.274326
0.272978
0.272703
0.27238
0.271032
0.269683
0.268333
0.268525
0.272721
0.304266
0.33607
0.357931
0.278441
0.283518
0.276868
0.275528
0.274188
0.272847
0.271505
0.271558
0.273161
0.27182
0.270478
0.269136
0.267804
0.267327
0.265875
0.264528
0.264037
0.263925
0.262578
0.261231
0.259882
0.258771
0.264879
0.259165
0.25885
0.257499
0.256147
0.254794
0.253892
0.254188
0.252881
0.254166
0.253207
0.25004
0.248683
0.247872
0.248498
0.249066
0.245915
0.245624
0.24364
0.24228
0.240919
0.240933
0.240848
0.241436
0.239074
0.237711
0.236347
0.236099
0.235735
0.23437
0.234304
0.234651
0.230823
0.229478
0.236702
0.229987
0.22902
0.227699
0.226378
0.225054
0.224821
0.229515
0.245431
0.273928
0.330678
0.447727
0.28515
0.270309
0.255468
0.240612
0.238399
0.237872
0.236566
0.235259
0.233951
0.232642
0.231601
0.230769
0.229458
0.228292
0.228932
0.22762
0.226308
0.224994
0.224715
0.22465
0.223336
0.222021
0.221923
0.222844
0.22097
0.219928
0.21861
0.217293
0.217333
0.216815
0.219541
0.289521
0.338755
0.221981
0.221153
0.221456
0.22014
0.218824
0.217506
0.216188
0.216058
0.21618
0.214634
0.213314
0.211993
0.210671
0.209349
0.209309
0.208819
0.208667
0.207836
0.205572
0.204246
0.204151
0.206369
0.204886
0.201286
0.201871
0.200542
0.199213
0.197884
0.196553
0.196506
0.198398
0.195166
0.195325
0.193992
0.192658
0.191323
0.189987
0.189789
0.192793
0.19035
0.188252
0.186915
0.185577
0.185092
0.186111
0.189839
0.182915
0.181573
0.180231
0.178956
0.180183
0.181276
0.177178
0.174088
0.174575
0.173228
0.171879
0.170531
0.169298
0.179883
0.195497
0.177264
0.175925
0.175465
0.175364
0.174027
0.172691
0.171353
0.171366
0.171995
0.170612
0.170332
0.168983
0.167844
0.166068
0.164717
0.165011
0.166442
0.162961
0.163226
0.161872
0.160517
0.159161
0.157804
0.157717
0.157513
0.158399
0.155822
0.154463
0.153104
0.151744
0.151735
0.153482
0.152144
0.150702
0.149339
0.147975
0.146791
0.147433
0.146069
0.144704
0.143338
0.141971
0.141516
0.145585
0.142076
0.140192
0.138824
0.137454
0.136728
0.139007
0.138437
0.134579
0.133436
0.13201
0.13061
0.12924
0.127839
0.127079
0.131614
0.128975
0.125819
0.124439
0.123058
0.121677
0.120998
0.127423
0.121559
0.119878
0.118494
0.11711
0.116166
0.121125
0.146157
0.113057
0.115164
0.108873
0.107464
0.106068
0.10467
0.105491
0.108443
0.10284
0.100699
0.100396
0.0992653
0.114035
0.170727
0.147826
0.110823
0.10534
0.103489
0.102095
0.100713
0.0996841
0.0995881
0.106169
0.0998611
0.0985791
0.0971802
0.0957806
0.0944162
0.095231
0.0938304
0.092687
0.0949856
0.0911554
0.0897524
0.0895154
0.0892005
0.0877965
0.0863916
0.0849861
0.0840711
0.0913113
0.0843358
0.0838687
0.08246
0.0810506
0.0796404
0.0788748
0.0790839
0.0778887
0.0794267
0.0763911
0.0749782
0.0739303
0.0744198
0.0730061
0.0715918
0.0701769
0.0695787
0.0780713
0.0703216
0.0710553
0.0655105
0.0666601
0.0660487
0.0646003
0.0631798
0.0617584
0.0605309
0.0611952
0.0604779
0.0590899
0.0576376
0.0563177
0.0545444
0.0545155
0.0537717
0.0521102
0.0529224
0.0514921
0.0500611
0.0486293
0.0471938
0.0465561
0.0517197
0.0470967
0.045329
0.0440333
0.0422092
0.0407683
0.0407415
0.0437577
0.0429613
0.223966
0.560105
0.530094
0.288743
0.0816361
0.0757248
0.0727279
0.0713312
0.0701865
0.0707281
0.0693302
0.0679316
0.0665323
0.0651322
0.0647384
0.064527
0.0631258
0.0617239
0.0603213
0.0592504
0.0597144
0.0583107
0.0569062
0.0555011
0.0540952
0.053783
0.0534862
0.0520792
0.0506715
0.0492631
0.0482714
0.056451
0.0532114
0.047992
0.0476195
0.0473797
0.0459695
0.0445585
0.043147
0.0420974
0.0485049
0.0427675
0.0412494
0.0398356
0.0384215
0.0381074
0.0385509
0.0371342
0.0357168
0.0344317
0.0377385
0.033031
0.0321217
0.032411
0.0309909
0.0295704
0.0281491
0.0267271
0.0265764
0.0333479
0.0280383
0.0255594
0.0241342
0.0227083
0.0215169
0.0220841
0.020657
0.0193312
0.0229835
0.0276393
0.0180186
0.0166033
0.0173921
0.0159621
0.0145314
0.0131
0.0116679
0.0110766
0.0135866
0.0190073
0.0217922
0.0105505
0.00911526
0.00835465
0.0184576
0.00807569
0.0173703
0.00907098
0.0257129
0.00580661
0.00436884
0.00322287
0.023969
0.0115774
0.0103873
0.010488
0.0112219
0.0188424
0.0026216
0.0190491
0.0105855
0.0166498
0.00258581
0.0155586
0.00230416
0.0144673
0.00202246
0.0133755
0.00191315
0.0217486
0.00145108
0.0145512
0.0098324
0.00494343
0.0087382
0.00466169
0.00764367
0.00437876
0.00654937
0.00466021
0.0172849
0.000110687
0.0114677
0
