619.019
456.279
340.304
254.053
249.066
191.887
184.097
153.594
145.696
154.683
86.0791
139.377
89.3452
116.014
111.562
87.1802
114.132
55.0957
70.0337
72.7036
67.8
73.6567
95.9077
64.5447
92.1637
58.6899
83.5385
58.9398
85.4295
66.507
67.3555
65.7446
64.9079
64.5388
60.7474
55.8148
65.0068
53.8479
68.3768
52.0413
53.0738
38.8759
46.1975
47.3342
55.9944
52.6763
67.3327
49.724
41.433
32.4781
63.3746
32.5175
31.1069
58.5686
78.2674
26.3617
90.5847
46.7935
63.2971
41.166
58.0436
49.6659
52.1213
43.6367
59.8296
45.6671
52.8988
48.9095
49.2438
47.7446
41.2146
46.9148
38.2953
43.0328
41.9079
47.9754
35.3997
49.7004
43.6075
61.8775
39.5789
47.7537
45.7584
39.083
56.5058
63.7279
46.1011
58.2323
49.1844
45.2648
56.7895
44.2573
56.4791
51.9809
42.1399
43.0929
49.879
45.649
42.1316
48.5466
40.8446
36.6082
56.4368
36.5812
54.895
42.2674
32.7698
37.5818
53.7234
54.6702
50.8262
33.4626
57.553
42.7575
34.8277
35.0626
49.975
51.4481
35.6685
34.2523
65.1096
35.6177
38.4913
55.3464
48.8115
46.0515
49.8682
33.581
53.2777
35.9787
51.1335
32.6673
48.2535
35.3484
48.2358
57.5293
34.5441
53.409
48.9134
35.4579
56.1613
40.8963
38.4168
57.0432
40.5228
39.0203
42.9109
45.4407
35.3157
44.5152
51.0942
44.9503
48.3869
49.1053
44.2391
51.0694
38.8263
44.4909
35.3221
43.3464
37.1181
35.1333
38.8033
51.7195
33.2502
28.6939
44.0683
27.2888
46.6179
36.3176
34.2926
32.6662
41.7067
37.4563
33.9225
48.7256
35.5832
43.3001
58.0351
40.1626
44.5206
51.985
45.197
46.8706
34.8868
49.7579
34.7319
55.1624
33.8661
46.8129
39.0564
48.8038
36.4321
49.309
33.1207
46.5216
36.4455
42.9187
41.7327
42.909
29.5322
34.0927
39.2214
32.1568
30.6531
35.6582
28.6422
42.3833
33.1808
33.6633
27.7749
40.3859
29.9976
35.9881
26.7973
54.9469
31.5897
51.3635
35.1618
49.3672
38.1964
42.966
30.4739
46.486
27.7918
43.2775
35.3521
44.4584
24.5096
39.5098
27.8176
42.003
31.632
40.0996
33.3482
35.8565
26.7802
55.1418
27.8171
35.5718
27.6019
37.4148
23.8589
37.5182
26.0174
33.2516
26.5837
33.107
24.8262
36.8608
27.2191
46.5592
27.1387
36.9799
27.7387
37.5838
28.6853
34.6844
26.7439
37.0968
18.1455
41.197
20.4941
62.6578
29.647
38.1961
34.1681
32.472
42.1271
31.5325
38.6748
34.3057
37.3157
29.6573
41.8934
31.6334
37.1541
30.3454
39.655
26.7225
33.4864
37.9981
32.3436
30.1575
33.899
24.9259
35.991
25.9892
35.2082
20.8542
30.3026
26.7839
26.6606
26.4831
28.979
23.8058
26.8324
28.4278
23.9165
23.6561
34.2479
24.0651
32.6909
24.7264
29.3838
30.6836
32.5232
27.2648
38.1614
37.2698
39.5239
35.8431
31.5026
39.6829
31.1968
39.6616
25.6382
36.4392
25.514
38.5942
26.5959
35.5811
32.3162
35.0955
25.1274
38.4014
26.0144
45.8938
27.8456
27.9198
24.9279
46.7655
26.6486
35.8099
32.6754
33.8897
25.8699
33.8358
23.1484
30.7384
18.2728
38.3667
23.9272
40.8733
25.4878
29.7958
27.8763
37.9664
28.8316
30.6534
31.0954
30.0459
31.1371
19.5899
28.7698
20.4967
38.5888
19.4078
38.7688
28.8835
37.1588
23.8015
34.6509
29.76
33.0136
25.0371
30.9812
29.6864
27.6272
25.2757
34.5248
25.8496
21.3756
31.6542
29.288
20.8234
38.0994
26.2935
37.1917
24.1218
31.2897
30.1663
25.2462
34.2762
31.185
19.313
31.7332
22.876
28.8568
21.6881
31.9725
24.913
33.3499
23.0119
36.2664
20.9157
25.3036
32.1825
19.3283
22.1985
29.744
25.43
26.0786
42.1436
27.4563
26.9916
27.0612
24.6195
25.5085
29.3208
26.2718
38.0988
20.7612
23.7193
22.1328
22.9026
34.9138
26.1772
34.3912
9.19158
42.081
32.7179
29.3114
26.2108
24.638
30.5085
25.1479
24.7208
18.7923
29.7988
25.073
28.819
27.4669
31.1935
28.4074
30.6375
28.4193
31.4504
21.3836
31.028
17.3248
30.1766
24.0178
20.8793
26.9883
27.7008
32.2427
28.9149
19.1854
29.4645
15.7831
26.0809
23.4464
22.3992
20.5472
38.0404
29.1814
21.6478
21.6945
24.0182
9.54524
19.657
38.9983
16.4036
7.63294
30.0115
35.8155
20.0169
23.4218
38.1003
23.8245
35.5346
18.6622
30.4409
26.2076
25.2698
26.6325
31.6819
18.5622
27.4429
17.6865
24.3663
24.54
25.4093
22.5705
28.7627
14.2702
26.1042
36.5861
16.9058
23.6
11.9614
26.436
29.0686
26.9491
20.701
24.5581
24.8005
18.5547
23.1245
24.7984
19.3075
32.2529
19.6046
33.9594
21.7022
29.472
24.584
16.0574
29.8153
24.5014
31.3932
28.3952
19.1673
31.6588
18.5724
27.3771
21.344
25.673
17.1637
31.8334
18.2861
23.2769
21.8497
23.9585
20.493
26.1568
28.0753
26.5699
21.8096
37.2444
16.4332
33.2108
15.9445
36.5938
7.28735
39.3515
26.2783
24.9357
28.402
35.2314
9.36801
26.7135
17.2395
20.235
24.7449
28.0259
15.7727
29.7354
24.7596
23.967
20.7296
24.9207
24.1449
20.2906
23.6437
19.4606
26.6357
21.6495
28.3544
16.4335
23.7895
35.8729
18.7407
26.0461
25.3412
25.4491
26.7604
19.8716
20.6159
27.1107
28.1518
16.8004
24.2918
24.2591
24.2086
22.6451
26.759
24.6936
19.1301
17.8357
20.196
18.7693
27.486
23.9295
30.784
16.8494
28.9366
12.1744
22.0324
35.3833
27.7101
34.4786
25.1706
28.1632
31.3859
22.3326
41.5593
13.6546
26.7523
11.6761
32.9381
18.5521
7.66137
16.9989
8.8918
9.4745
43.2674
17.4073
21.9326
25.4828
29.8219
22.9879
33.0579
13.463
31.2171
28.9627
16.5031
24.0711
25.6197
39.3015
25.6282
30.4916
22.6847
26.8477
25.3104
27.9202
21.8596
32.3576
20.0228
39.9368
15.3423
27.2023
22.2855
28.2365
13.4879
28.1309
21.1582
17.7855
27.5214
19.7981
19.807
21.5537
6.65185
15.5393
33.1386
22.1113
22.4132
27.1905
22.4511
24.3965
31.9566
26.5601
23.0975
17.6049
29.8478
23.0513
24.9343
11.1221
25.2363
19.092
25.1101
20.3537
20.5941
8.14584
24.4868
29.6196
20.6056
7.21147
17.3899
35.7411
14.5875
24.3986
22.0241
13.8624
22.2949
29.4061
10.6713
33.4121
25.3908
27.3283
24.5166
25.9546
17.6391
12.3807
20.3473
32.4934
23.7028
36.761
15.8351
36.3904
16.4009
33.104
9.41529
26.4012
31.9604
21.6534
17.7807
36.4988
15.6879
33.0459
18.1291
29.1517
15.5267
25.0005
21.2711
26.6022
17.4083
37.2149
20.7304
28.1678
16.3147
19.8228
8.96838
22.3652
24.1408
17.3361
23.2343
25.2561
20.791
12.2907
20.4871
22.4977
14.2774
8.55832
38.7932
21.4961
11.2835
29.5652
27.8225
16.3675
14.1303
14.8604
24.3967
10.7233
4.86141
12.2551
20.3103
17.0683
31.9022
20.748
36.8107
23.135
24.6223
19.0245
31.2825
17.8412
17.4958
18.5375
12.5188
26.2173
25.3911
11.2777
27.4698
35.8996
21.7494
25.7128
21.6269
32.5757
17.6651
33.1238
16.8878
24.0601
19.8766
24.2839
20.822
23.8449
17.0986
29.7601
23.0842
28.9778
16.3656
26.9504
16.1209
28.5096
18.7371
24.8165
17.5697
17.4933
17.9348
17.7133
18.4727
20.7087
11.9897
19.8627
10.0572
12.5566
29.305
11.7833
20.1267
22.4021
4.42713
12.511
24.6093
23.117
30.1694
21.1207
20.1065
18.2529
27.4465
22.0901
17.5711
14.4932
21.9081
13.6946
29.8367
24.8636
12.388
35.2698
10.4145
30.8832
26.9879
12.4177
14.4007
18.2205
10.1054
23.48
22.3824
12.1644
14.5439
27.6319
12.4063
34.9301
20.2019
8.28267
28.7
13.6965
13.3368
20.7257
16.3211
16.2812
36.0227
17.5244
16.4622
18.8573
11.1827
18.4394
11.7118
29.2952
26.5446
13.7008
14.994
18.134
27.3442
17.3903
25.556
23.7472
16.3694
28.0712
17.1094
20.9808
23.0986
13.1989
26.7448
20.4483
3.63978
17.7245
33.0591
18.5071
21.2184
23.2699
15.484
25.9154
5.23331
18.4596
21.0284
18.7806
11.5291
20.7893
10.0484
14.9535
15.771
15.6221
17.7073
15.3037
17.7666
15.0819
22.2363
20.0683
16.4351
13.7606
8.70982
16.3726
30.2234
15.0953
6.85488
8.4193
12.2676
9.35402
14.8058
37.2825
14.6873
8.22336
47.4465
14.2862
27.1142
25.1625
21.2462
27.4807
17.7151
33.4779
11.1825
14.1981
38.6277
21.6294
10.6756
25.6325
27.4132
12.5596
18.6988
13.0237
13.4104
24.9867
17.1625
17.0487
10.5805
25.0033
16.5293
12.079
18.8625
12.2329
9.33361
10.0254
4.10369
9.0519
12.2177
10.0772
24.2105
17.0645
10.6927
22.0886
24.4435
15.4723
12.0036
22.8017
31.1878
13.8837
33.6149
18.933
20.5339
15.9109
13.5855
13.3295
10.8102
20.2047
13.7075
22.5889
18.8852
11.9265
7.42962
5.15637
5.65365
18.9523
33.4337
17.7702
27.7362
20.1765
10.7273
27.7969
12.5002
21.9172
23.0941
21.3376
21.5674
22.6238
18.0518
19.0043
17.9537
30.0502
13.1251
20.6657
9.80059
11.6139
21.69
23.0662
6.18384
21.1751
22.5927
12.9287
24.3746
20.1402
15.5713
21.1275
24.9345
16.1472
19.2564
19.4379
19.6918
11.0725
33.5744
4.84836
17.5232
24.9557
12.9697
22.8967
13.1837
24.036
11.0728
12.3569
18.241
15.7265
21.0352
18.2461
17.9854
17.9169
14.7278
22.4842
19.1557
25.7185
16.0335
21.8161
11.5621
20.4458
13.1615
18.2701
23.9546
10.8158
15.7518
22.9106
3.94147
17.6629
23.4076
15.2963
23.8079
19.4219
11.805
19.381
11.8832
15.5515
29.8384
11.8605
19.4939
21.1275
13.6111
14.7759
22.1124
16.2401
19.0346
15.8062
11.8023
22.359
12.0302
19.8322
21.5531
15.9417
17.4258
20.0059
21.3221
16.1062
17.4428
17.9347
13.8611
16.1796
19.9822
15.814
12.0289
29.728
17.9477
19.7677
24.2329
21.3207
22.7323
22.3991
16.499
21.1281
18.8673
23.2414
13.3185
27.5203
12.9907
12.9999
33.0161
14.4379
24.0662
7.96558
5.52349
16.2732
21.3988
8.31469
27.6348
18.9251
22.6868
16.0552
22.9081
19.549
10.9013
13.9184
13.8649
18.0586
23.9147
20.152
15.9334
14.287
26.9076
21.5948
17.3442
22.2103
13.3856
27.8088
14.0015
26.8284
13.6307
23.9647
15.7022
14.863
26.7218
14.2511
15.3008
23.0807
15.2003
11.4331
22.6058
23.4582
7.05762
14.8115
8.08845
12.9358
34.2115
10.0695
17.5012
20.6334
10.5346
8.52654
19.3657
17.3984
15.0113
24.9433
23.1078
15.5783
28.2458
14.5678
30.3057
17.3113
24.7349
28.8319
14.5602
24.7525
22.0198
18.559
18.6503
16.2415
11.4883
12.3747
27.4993
14.888
12.1331
19.6845
11.0971
16.6091
27.64
9.82709
30.424
24.2809
17.9488
31.5015
11.8574
17.9994
29.8888
13.788
10.5482
19.7544
28.0714
4.64613
15.8716
22.6475
14.9897
20.7247
15.563
12.5516
18.2134
11.9074
23.4339
16.9536
24.4573
18.0629
27.0481
9.62556
24.7904
16.5117
23.1649
15.6666
36.4791
9.31983
24.242
12.6682
25.3929
14.0096
22.1197
17.3464
23.7846
14.7955
23.08
17.2601
18.8291
12.5658
25.8033
17.1675
15.8222
5.46792
21.3802
12.4191
19.392
19.6686
21.2111
9.45501
18.9828
20.5925
15.2338
15.7217
26.0913
12.9126
25.7393
4.63768
12.8673
25.3907
11.9552
11.4576
26.1726
16.3369
28.4914
11.9631
24.3983
21.3192
9.82683
11.898
22.6896
18.1758
10.7177
7.90733
12.8349
21.205
6.28836
10.7207
14.7391
8.82127
24.7354
10.3333
13.3007
26.2892
17.0242
8.78985
32.1305
17.0484
18.941
19.5832
5.24265
13.6518
18.1544
3.88233
20.0693
18.7101
16.1849
16.6785
22.6148
26.1414
19.2235
15.3822
20.0496
22.2115
6.0001
15.237
22.0683
7.98165
14.9648
8.84577
26.8752
21.3837
11.1681
5.19868
25.5969
25.6202
3.8368
5.13276
14.0391
21.4275
17.3091
18.7213
17.4006
14.2192
20.8169
12.6148
17.6272
31.2523
8.11894
14.2814
18.0856
15.2763
20.9885
12.7303
17.7392
17.9932
12.7929
12.5204
17.9118
17.9209
14.1185
21.6329
10.5157
17.3471
9.34134
24.1378
11.3221
12.6978
24.1135
6.83674
24.1361
7.41538
12.8458
18.5742
18.0471
16.8079
9.12072
17.3943
12.1665
25.0739
17.1483
8.55156
17.7305
24.8008
9.02564
9.30889
17.8147
12.4828
19.5252
13.9245
9.4848
17.0087
16.7248
17.8152
15.5771
11.5952
19.8152
13.7168
11.8851
26.4398
9.47475
4.87974
6.17661
27.7799
5.65383
15.1168
12.6716
26.0329
15.2942
17.0922
7.87368
15.7845
6.79397
20.465
16.8256
5.41849
18.7066
18.2449
15.2781
10.2476
9.72727
24.1109
8.31337
10.4427
14.195
30.0605
28.3135
16.2028
7.62583
18.0286
32.8323
11.6281
15.0279
21.5991
9.81527
13.3864
18.5375
13.9199
12.7261
18.8347
7.29578
18.1195
17.4713
6.62092
15.1435
18.1899
17.311
22.167
8.58547
14.4979
22.9991
3.47969
4.43992
20.8469
8.95413
18.0331
21.2676
10.9396
18.8097
12.8339
16.3658
15.2139
11.9472
18.1659
14.8945
5.24501
16.1238
15.4362
18.6792
16.78
16.4652
21.8956
16.0085
20.0809
17.0352
17.5282
11.5175
24.5842
11.9917
24.3961
14.3012
15.5818
14.596
17.7003
13.6398
18.5257
16.7732
2.76125
23.2455
15.2089
29.2022
12.428
15.3824
9.9695
22.9282
12.0369
15.042
20.1616
8.93663
14.8779
15.9872
18.1653
6.73059
17.8512
15.6003
11.1274
16.1233
10.214
20.7517
17.5192
7.40009
11.7964
14.1114
17.5425
16.9357
17.002
5.25972
19.5762
10.8814
13.0224
3.62068
12.6279
20.4492
5.28768
10.4146
18.2486
12.9696
16.411
17.0543
16.6149
15.1305
12.087
19.3142
18.6222
16.4534
17.3368
20.4726
3.24533
4.52852
10.7404
5.12613
15.1183
22.8845
5.02834
23.9442
3.1384
4.00594
18.7989
11.2647
17.2055
9.92079
16.492
22.309
18.4857
10.0304
15.442
9.21613
13.9625
20.3018
15.5367
22.7789
9.57057
18.2115
16.4692
8.02908
19.1075
15.5837
16.7835
13.3537
7.06726
8.67311
22.8538
12.7082
8.80623
17.5643
24.1667
21.6434
10.6335
15.9668
15.4987
10.5528
21.5258
15.1342
7.94205
14.5752
12.959
18.3981
13.8712
10.3955
22.7855
19.3876
26.8524
6.46044
10.0258
33.3134
18.7526
16.7525
9.309
19.3082
15.5767
15.1394
28.353
16.3064
15.8702
15.3081
22.3774
13.4196
16.328
15.9397
9.65007
12.3295
17.3579
13.3523
5.54372
38.9372
4.48913
12.0426
13.2183
34.8526
13.1547
16.9104
9.84138
21.4068
9.33282
21.379
19.682
14.5056
14.5014
24.9689
19.6164
8.28809
13.5942
29.5433
12.774
10.7429
13.1277
9.43908
32.5158
14.5251
8.1937
23.8598
10.8439
19.3946
7.86253
10.0177
5.2426
17.0373
20.9467
3.00189
2.41511
19.1036
13.8876
15.8042
8.03515
2.40404
13.7241
20.333
8.84843
3.51513
17.6739
20.6672
17.0924
19.1235
16.1642
20.7532
16.2001
12.4794
11.4643
12.1445
26.2412
10.0578
23.2099
18.4847
8.60913
16.0901
23.3664
14.7615
10.828
25.4572
14.5286
9.35043
16.6284
21.2209
11.1461
13.0909
15.9073
13.9157
14.9454
5.88236
10.8809
15.8189
19.7322
17.731
7.31949
14.7414
26.3213
9.55992
8.84521
11.8097
13.8676
13.6939
17.2172
18.8354
14.7188
19.2923
27.7272
18.1199
13.8439
20.3732
7.53568
4.06363
16.8406
4.45543
9.57266
25.0917
4.14884
1.59819
5.33304
21.8886
40.5794
18.8788
19.9787
18.9601
17.5175
15.2934
15.2465
12.407
19.5919
13.9475
13.7415
20.7704
18.4528
14.1019
20.4527
19.8353
13.8982
13.1728
18.6745
14.6963
8.15888
13.2695
16.9178
11.7594
9.86313
16.4812
13.1337
3.54495
6.94547
19.1895
8.52534
6.35424
3.56759
1.64352
12.9476
19.3239
11.8794
27.8067
22.4463
20.0639
5.18296
14.4179
35.664
6.57845
14.6148
17.5859
19.4413
14.6843
18.3036
11.8055
23.4256
6.72403
17.3686
11.8066
18.9254
8.59228
14.5069
8.24997
14.2157
13.7305
24.418
27.9749
23.1717
8.4459
8.30412
2.10844
4.6659
8.89615
25.7399
14.8303
17.1843
16.0199
13.7343
19.7866
19.2805
19.845
16.9509
5.88068
4.33752
28.0377
36.2539
24.1697
15.5042
9.67369
22.4459
17.4232
7.2996
12.5577
12.8562
13.5589
21.6771
24.2013
10.2245
17.0277
31.4779
24.3922
10.8499
38.984
3.7965
11.8218
36.8026
24.8036
25.0021
22.6256
21.7537
23.7529
26.7264
13.4797
2.79884
9.96449
10.8146
20.709
19.0969
22.2314
7.95004
19.1347
18.1474
17.4297
17.277
18.8754
15.9779
19.4574
24.5159
16.353
9.90089
12.6104
8.78058
12.2442
25.7615
17.8986
16.6022
37.7654
30.6465
14.1084
5.1746
4.01995
40.8788
18.1749
16.0124
39.7437
20.7057
31.7247
8.18976
10.01
32.0928
13.0795
15.912
13.8085
5.04447
29.2339
3.82161
10.2778
49.7688
10.7426
24.0977
16.0559
36.2176
18.8253
21.2413
16.7852
15.3212
21.2039
4.11613
16.4848
42.1061
16.1957
5.38949
29.9211
3.4869
2.07889
29.4979
32.2209
26.227
18.6874
26.571
22.998
23.9723
17.5083
23.8299
8.82009
19.8638
29.4708
17.3761
21.0035
21.4925
15.4017
27.8619
16.1086
30.3652
19.3795
17.8856
15.194
17.1416
28.3011
18.0068
21.1851
15.9611
29.0401
19.698
25.3232
19.4647
20.5377
14.2146
18.1747
11.7826
12.4034
12.9086
11.2634
13.2828
12.1609
8.57689
15.9174
7.60933
13.5816
42.1244
13.2736
16.2793
33.5067
15.9493
18.2042
29.9958
20.2604
19.7125
23.2871
15.38
7.71839
35.9758
25.2519
17.0437
22.5851
19.4487
15.9577
9.01346
21.6393
25.8908
18.2644
21.3999
19.6503
17.2104
20.2772
6.2291
18.0033
23.9362
10.1911
18.2158
17.7531
20.382
15.6552
28.161
18.0477
24.1733
6.88156
31.2613
24.0723
21.0301
11.8154
21.9518
10.1351
22.4882
15.5465
1.42672
9.7542
48.8439
11.5456
33.6095
9.56745
21.9403
26.142
20.6117
5.07141
17.3084
43.5967
10.9245
3.56677
15.8755
42.603
10.4345
34.9744
29.1
13.246
40.6901
18.1416
25.4001
30.1661
21.4501
18.3756
26.5556
3.05231
1.79939
32.4988
34.5686
25.0158
6.83263
21.2324
49.4888
10.4276
26.7243
19.9801
18.9907
16.817
26.454
18.6248
31.3649
22.7636
30.0361
16.447
15.4047
18.3161
23.084
14.7214
31.1401
17.4413
30.5816
29.0462
11.5845
35.955
26.5703
5.48275
8.17398
37.8049
15.2761
20.161
22.2346
26.5786
29.1188
23.7407
26.174
22.8425
28.3754
22.1218
17.6336
17.9003
11.284
13.9703
14.4356
21.3145
39.4979
28.8182
30.367
14.9658
32.6863
13.2649
30.1024
28.7746
13.5699
24.6627
20.4692
25.1686
22.0471
23.0624
23.2011
20.5399
24.7135
9.98214
17.4374
26.9887
24.6523
25.44
29.6565
19.4662
20.3719
16.726
24.5974
19.3744
28.7644
23.16
28.8611
24.379
18.3411
25.3056
24.7833
6.67239
19.4986
10.8938
17.5177
18.7669
30.3183
17.7998
20.1488
11.6696
23.3359
10.7894
7.41595
31.7974
16.1666
16.2811
21.3794
9.4455
20.6615
26.0147
23.9088
25.5847
14.4158
12.8321
14.7889
13.9608
17.6175
12.2779
30.7051
18.8832
21.2015
18.1023
22.0392
9.23206
4.27327
28.7326
14.2952
20.9935
18.9646
22.2972
16.8608
8.55134
17.3656
18.514
20.8008
22.1917
10.7364
17.9557
18.0738
18.4161
18.6611
9.79252
22.869
11.0356
3.61351
12.3904
34.9642
18.7566
17.4702
11.0127
29.994
24.1022
22.4483
20.6892
17.357
21.8802
14.9726
22.4858
21.615
19.6201
8.39561
21.7241
21.6159
9.27447
23.5527
7.74932
17.0848
39.2853
17.1124
13.4999
12.2195
9.18208
18.4177
31.9525
6.00487
21.8876
19.5586
21.0189
23.5154
12.0423
13.2995
16.6042
20.7677
14.7599
27.8017
3.7484
22.7757
32.3677
9.61099
4.05093
31.8551
19.8344
20.5515
23.2499
14.9021
18.9741
25.4999
27.7722
20.8447
25.3987
11.0412
8.10837
16.6416
34.4767
10.3557
21.0329
7.97212
15.8148
36.445
14.6612
24.5159
24.4909
15.869
30.7684
20.0859
22.2946
17.4797
24.4102
14.6749
14.5511
22.8443
14.2694
18.8198
18.3311
12.6227
8.41933
34.2283
25.6327
16.2831
34.1052
6.97676
17.9778
18.857
7.65015
17.7144
21.0237
24.3571
17.2906
17.9775
19.9986
14.3361
19.6476
12.9789
3.98836
6.85251
28.0841
12.3133
17.2093
19.3304
17.0992
5.53362
38.4027
15.9939
29.8102
17.3243
20.1041
35.2841
18.5224
13.7701
28.9637
15.2946
23.9918
21.9684
13.4498
16.5531
17.6697
22.4764
13.1725
21.5029
10.7552
17.8011
8.15214
15.0083
18.594
12.6443
25.3412
17.7792
27.3062
20.5111
9.22857
17.1473
21.7509
7.36549
11.643
13.2674
11.9245
5.89027
14.4112
21.4929
12.1552
23.6583
13.6633
30.9646
19.9634
24.4639
19.7557
11.3947
18.8162
16.7583
24.4745
17.8614
20.3347
14.1758
19.1866
20.5466
13.8646
11.5642
14.3305
7.67917
19.3637
19.9647
19.0876
16.2065
26.7891
18.7646
18.6378
10.9446
20.3569
25.4415
13.5231
19.1559
18.641
19.039
9.18928
12.5787
6.06193
23.8364
18.3967
17.052
18.9818
13.4997
14.7375
23.125
14.4896
5.62082
16.2559
32.0868
16.5947
14.8964
14.52
21.3837
21.6713
18.5444
8.88215
15.5259
10.9861
5.15856
1.53048
11.85
2.23917
30.8131
17.2821
16.8416
32.284
5.37708
28.1903
15.3264
17.9751
20.4677
19.1493
7.60536
19.8203
21.5335
13.8661
20.5313
14.4878
14.46
13.408
3.35678
19.9108
29.55
19.12
27.1573
13.1457
14.7532
23.4674
15.9239
12.8376
15.8534
10.5935
16.13
8.34734
19.9529
12.3808
28.301
5.06196
3.21306
14.6348
22.7726
11.3047
7.21626
23.2178
8.19302
5.81788
59.8518
12.7385
14.5701
30.0915
11.7426
22.3441
14.6589
10.0481
24.4344
17.9507
20.9493
17.8334
14.9078
6.62953
24.1119
17.2775
6.18423
14.7462
14.4674
17.0259
4.00948
4.9831
22.1083
6.86348
14.0859
35.2994
14.6469
29.2388
25.176
17.0616
16.7599
15.6144
27.1395
6.84801
19.2797
26.9077
13.8551
20.2471
13.4925
8.67429
23.6901
11.2882
10.7445
20.5929
4.41653
8.73855
36.4823
20.2035
19.6825
17.1507
23.1375
19.2891
17.5264
18.6787
15.8273
15.9064
12.6856
14.3074
20.8824
14.9291
18.4767
9.05504
16.6982
15.1659
12.2953
7.23455
27.5096
9.81289
12.5773
15.6517
33.6031
17.1017
15.4715
33.3186
19.4953
18.4531
18.2682
23.8319
18.7896
19.3421
4.41096
6.1824
12.435
5.18604
2.22752
68.5328
8.60705
2.29323
16.1241
18.1105
1.53372
10.8563
25.7383
13.1387
12.1583
16.2515
20.7799
16.1382
13.4831
20.411
11.4276
18.5206
11.51
22.0632
17.1071
24.1288
18.4266
23.8358
27.9843
23.0993
4.4567
8.00439
20.3901
3.92094
14.4985
20.2807
21.3047
31.6586
14.3495
22.2102
12.9509
25.1966
15.6238
16.0269
12.4984
11.308
15.4906
28.2096
16.7134
14.5083
20.1742
24.615
13.985
14.8358
21.4221
13.2348
13.5781
21.045
16.5406
16.7817
19.2251
14.6902
18.4484
18.7743
14.9147
13.52
9.69189
9.39485
36.5911
21.5292
24.2354
9.01541
4.60881
13.944
24.2836
16.3325
9.3543
31.8746
9.10321
10.4326
21.8997
22.1809
13.3406
22.272
11.8119
13.7605
14.5717
27.7856
16.5468
6.73868
9.92962
21.0269
11.6728
18.3417
27.8994
18.2832
19.05
16.5279
9.08478
11.252
17.0999
18.8873
36.0191
5.74052
6.07909
45.7192
11.4552
21.6587
27.2845
16.5896
25.2371
21.1189
10.4431
29.0582
10.4314
13.8863
33.2082
17.998
19.7213
23.3116
25.6226
19.5121
16.6469
13.3344
31.8585
18.3185
22.1032
28.7553
18.9013
15.361
14.6375
15.0726
13.8659
22.734
13.8895
20.8086
16.3934
21.5681
22.4259
20.246
24.5263
18.6065
23.8597
12.7054
22.0104
21.5435
8.93668
16.1314
22.7929
25.1945
24.5772
16.8482
12.8335
22.0669
18.275
28.3701
10.8762
19.9066
19.7681
5.9067
25.2362
11.4191
27.4799
21.2867
18.8761
22.7672
18.4651
16.5241
20.0372
22.3449
10.2331
10.2383
45.9002
8.41841
13.5595
24.0456
16.1831
23.6915
28.5137
18.4872
23.3812
17.2719
26.3692
15.4034
25.4453
18.134
18.4035
18.4181
20.6482
20.6367
22.7272
22.166
9.05889
23.5869
24.9666
30.663
21.2589
19.0865
27.2434
7.37416
13.9547
27.4121
10.2706
16.3022
30.9311
15.0009
21.0465
22.8231
10.1761
24.3056
23.0078
31.1855
16.8911
27.3337
15.5663
12.1268
14.3901
9.10761
15.2404
1.05824
18.3099
16.3963
34.6132
18.6235
21.03
13.8046
25.0432
27.634
17.2441
19.7428
12.4046
3.40857
3.29242
56.4797
16.2775
28.2226
2.74759
9.63705
34.0707
11.2966
18.867
17.0012
19.2236
16.7803
17.3493
24.5915
9.5868
15.7116
12.8483
28.2609
34.5379
14.31
24.2683
14.8573
27.7022
22.3174
20.1812
23.3236
19.1569
18.4232
18.8566
19.5559
29.1493
16.5159
17.5487
28.15
20.7966
4.18364
6.114
35.2935
29.6243
11.1858
27.8234
17.1737
24.4719
12.2328
16.9452
19.3968
19.5523
10.8905
22.9344
31.1365
14.404
8.9466
22.0665
20.5304
12.5052
10.2729
19.2878
23.6348
18.5203
29.4418
7.90039
8.68755
36.3444
18.5112
18.1281
17.9613
19.4426
24.5229
16.0423
16.1379
20.8885
17.8863
23.8656
18.6215
18.3514
23.4181
16.8996
19.2941
22.3101
16.8203
21.2883
16.9839
21.0854
16.7177
16.1874
16.6814
34.8574
14.987
15.2551
19.942
8.39408
3.36883
7.29102
34.7921
20.1957
14.2563
15.7642
21.4173
11.7811
19.9367
19.8262
12.7345
23.1253
13.4871
26.7446
14.715
23.5419
23.8617
17.0157
22.4337
25.2129
20.5128
19.9508
19.9605
25.088
18.9044
20.6601
15.5127
14.6611
32.5834
12.3525
13.9226
28.4207
14.3513
28.1078
14.888
21.8583
8.1666
17.0813
16.652
24.7246
16.7449
19.7909
13.1111
15.5442
13.5907
17.9929
14.6897
22.0078
19.0946
7.39735
13.6901
16.188
25.3237
20.0512
15.9615
21.3361
17.0074
22.7544
16.681
14.0673
14.1133
15.1621
3.52141
0.591652
6.248
31.0813
16.3826
12.5187
37.0472
12.7322
17.0364
20.8608
15.131
10.2247
25.2109
13.0634
18.4361
16.3686
7.89703
7.35746
37.217
16.1055
16.3033
20.7259
18.503
17.2135
13.6701
17.576
10.2909
17.3703
33.9908
18.2986
17.9572
19.9784
25.1295
20.1572
2.5254
19.2976
22.1915
14.3339
20.8806
19.5974
9.21201
22.4467
14.9409
16.0824
10.1692
8.69342
11.5884
20.9646
12.4879
11.9657
13.4387
13.5944
10.6475
14.0501
14.8842
27.5022
16.0365
20.6104
15.1774
15.1691
24.0664
14.4771
23.8557
19.4823
11.8028
17.7204
19.584
13.4759
19.7815
23.4174
3.89399
16.5323
19.706
6.70136
25.9418
17.2405
20.5032
14.5063
21.8344
14.5684
20.8906
21.0679
15.159
21.7226
16.5177
6.14285
4.53897
7.62679
30.0082
11.9708
29.3502
15.1201
14.8749
11.9984
21.2421
24.8498
14.9194
9.82058
13.7791
20.5078
18.7003
14.1353
14.7512
4.39559
19.16
27.8733
26.1435
13.3549
6.99762
32.2561
18.6227
15.6031
21.1252
3.95807
14.3922
34.9162
17.577
15.1537
15.1831
13.8608
8.90352
21.2379
13.7346
14.8328
21.881
8.90154
24.8171
19.4234
21.937
15.2955
14.0503
5.02194
17.0167
17.0286
19.8358
9.88151
9.92872
20.3416
21.2896
17.8172
31.7813
9.94125
16.6553
12.8401
31.9987
15.6433
31.6265
13.5956
20.2235
4.68525
13.8901
26.7829
18.5065
17.6706
22.7478
14.4799
21.5476
11.3612
21.3208
11.2437
24.1576
3.39764
7.46411
18.1761
24.4697
13.9029
11.1267
4.72303
4.86716
26.6064
20.575
15.2849
10.6051
12.158
21.4417
13.1259
13.0879
22.6688
17.5197
13.4072
23.8459
19.0342
13.2853
20.9549
22.3997
24.3639
5.54244
15.4598
31.3645
15.9127
19.9017
32.3323
10.0653
12.14
32.1054
12.9533
16.441
20.4028
15.6332
18.5603
16.3142
17.5442
11.2418
20.4966
20.8913
25.6962
15.4877
10.3746
27.5854
15.0586
13.1493
15.1175
22.3172
23.2945
15.4515
19.4926
12.0272
14.4999
24.3515
19.534
10.3516
14.6235
25.8231
20.5734
24.3471
6.51803
16.2915
24.6213
4.75552
11.3969
16.2797
13.7422
11.536
30.9209
16.5104
9.35933
37.1978
14.4
8.56189
16.6728
23.6892
14.7259
17.1938
23.6548
11.7392
10.6755
29.5411
18.7218
17.2368
20.7042
21.0253
15.2718
17.834
22.8241
16.1911
13.6772
16.3337
16.9068
19.2725
21.853
19.2767
19.7164
26.6534
9.90994
24.505
16.3643
23.7021
27.011
18.3268
12.9952
16.4631
17.907
19.9129
20.3647
19.3743
24.4788
13.2474
17.1383
16.6505
11.9523
13.6473
17.1274
19.9667
9.74513
22.2251
11.4356
24.4703
10.7046
12.3711
28.5333
14.7043
9.64417
12.2827
17.9604
11.1869
12.8725
14.5099
17.1673
11.6296
27.2374
18.7051
18.5025
8.39011
13.3596
21.4092
17.7015
19.5621
12.4304
16.6034
18.0755
15.9106
2.4403
2.13814
13.2063
25.4712
16.8902
12.0458
25.7818
13.4753
13.1396
15.2126
30.1128
22.6525
20.9154
20.1067
18.1449
17.2297
13.9206
22.9807
14.8742
27.045
12.0006
19.3485
6.67869
12.8094
22.8161
15.2874
15.9401
16.5219
12.3665
4.63563
32.1467
16.623
12.8601
30.3431
19.0076
18.2221
19.9858
25.5677
13.6884
24.201
16.496
19.7158
20.8989
21.7052
15.802
21.9588
17.2848
18.6164
19.1046
20.0485
15.2197
18.1339
13.2182
22.1884
12.7432
25.8324
8.06026
12.5501
25.438
18.4814
12.5088
23.1185
17.6656
19.405
18.0448
16.4506
25.2751
17.7483
12.874
22.1114
8.56955
14.3009
10.8296
15.0239
23.8216
15.0725
15.8521
15.7626
21.5551
12.4607
9.49752
20.7712
21.9658
19.4126
13.422
22.0185
12.8933
24.1688
15.8966
20.2285
18.7546
17.0083
17.4273
12.3768
16.1648
18.4825
12.2845
25.3868
14.7398
16.1274
16.8024
14.5628
13.5032
15.3423
8.53478
13.644
28.7199
13.1478
16.7654
8.58397
14.5268
16.1854
20.0024
17.3193
7.02379
21.4274
12.8561
26.9404
11.5513
19.0601
12.2939
14.1856
6.81882
22.9471
12.6698
14.9448
13.9059
21.5303
4.34989
12.6932
28.074
12.1085
12.2678
22.1155
16.0293
19.0884
13.3368
20.7269
12.6836
19.1556
17.0714
21.4777
8.9566
17.9842
18.7814
21.3201
15.2082
12.4769
10.8767
14.1414
9.66694
22.6019
10.1404
10.9166
7.18741
11.5754
36.0915
6.78878
10.9641
16.6063
18.4308
21.6132
17.0618
15.4145
18.5062
15.1461
18.9761
16.2556
15.8346
15.3294
15.1733
17.6368
19.5828
10.6688
22.8807
13.7328
12.6191
6.88913
28.3002
13.9659
11.9041
17.8977
17.536
11.7452
9.32315
15.9018
25.6811
13.8706
20.7648
17.1117
16.6309
9.81138
19.0873
20.4596
5.07123
7.83841
20.2737
17.3109
30.4796
10.7375
23.0104
22.0851
17.1811
6.97295
5.72654
36.1825
16.7699
8.87468
15.0433
8.9098
18.9985
18.7375
10.0846
31.1113
8.34465
12.2213
21.1051
21.2587
20.9205
11.145
23.9292
12.1994
20.1581
12.969
18.4771
18.6006
23.4591
12.4819
12.3049
19.6411
16.2474
10.8515
18.7207
16.1471
16.8742
8.57166
10.0587
11.4674
3.2359
6.08697
37.0113
15.4181
19.042
25.1784
4.43985
10.0298
22.2864
21.6254
13.4048
15.0613
6.71678
12.4196
29.2644
19.8865
3.76609
7.19318
24.2868
12.1035
15.8439
11.5572
21.1599
16.8899
11.1281
15.4154
12.1425
15.5531
17.1625
11.8078
13.9701
11.6522
15.1723
15.8573
12.5006
14.4526
12.5401
9.02141
22.7815
9.76864
17.0197
11.6503
15.9412
13.1766
13.0301
11.4031
14.4172
12.0256
26.031
8.63821
21.1259
19.2473
18.1618
16.5104
15.2143
17.4133
16.5126
25.0828
20.3809
16.0415
13.4426
18.5477
16.8193
13.558
16.6665
16.0892
15.6141
16.7234
13.8593
16.8103
10.0698
10.1865
10.3655
11.6398
15.7482
10.5814
16.9725
20.8313
14.6388
10.9423
5.98515
15.6558
32.6882
12.3688
18.2278
12.1517
19.5628
19.9694
12.9231
13.7063
25.1073
19.3283
12.4829
9.29917
11.8472
11.5387
22.1821
14.9552
26.5161
15.4179
4.26423
6.71398
28.7402
15.1091
16.0902
16.1779
12.5738
14.8755
19.438
15.2209
20.9368
15.2867
17.2142
14.3407
25.4813
10.5784
17.7983
15.2268
13.3141
18.3327
16.7961
14.918
24.1708
15.4679
26.4853
16.5508
21.2625
19.517
17.9371
11.3872
26.8393
17.0932
16.536
16.6598
18.1871
12.1476
25.4189
