602.997
725.976
543.451
493.94
382.969
305.152
279.878
237.311
224.349
167.475
154.075
163.417
180.889
160.36
159.465
147.866
148.881
164.662
154.477
140.706
132.095
123.177
129.452
112.559
118.84
131.182
111.81
93.1142
93.0421
64.4472
58.309
58.3195
70.8853
69.8086
56.7845
48.4964
55.7688
46.9377
54.1802
53.0006
50.839
48.5895
43.793
38.1838
50.7521
46.55
51.6738
42.9017
55.2323
43.6825
55.8923
54.7693
38.7045
56.7033
34.3571
45.1687
41.9376
35.8268
40.9954
34.3242
52.2904
57.5515
39.1111
50.42
33.7831
70.8067
32.2023
31.8086
33.2202
35.0993
40.1933
27.7178
61.9318
41.5263
59.6054
39.008
40.1838
32.3224
45.4214
36.0391
37.2862
41.8126
48.7617
33.8616
60.7906
32.4037
54.2275
38.9611
45.8943
27.9702
33.6481
36.154
42.3359
50.298
27.9242
39.111
34.3094
28.6934
47.7714
28.3442
41.4959
34.1564
67.5234
31.1025
31.0469
30.849
28.2108
46.2406
26.8389
30.4639
34.52
51.9434
56.9169
23.0352
49.0169
45.7176
47.9897
36.9163
45.7988
27.54
36.852
26.8082
52.4024
27.4266
31.0807
41.7757
38.4592
57.2547
21.9435
50.2125
45.2734
36.9888
46.1012
47.6058
23.1224
31.3113
24.9697
28.869
46.7129
46.5879
47.5924
21.8847
27.3124
26.6879
51.3092
39.193
31.4065
36.5051
19.9061
31.2126
27.3782
39.9387
28.6237
35.6621
59.4402
31.9017
45.0514
30.2707
32.7644
29.1703
29.5548
36.9568
39.1658
49.8866
22.0523
56.382
34.4621
16.2937
37.5132
30.5805
33.0882
24.2498
37.8582
44.8436
48.7877
16.3048
26.2179
46.025
62.4415
27.6059
35.9806
26.1191
24.2856
17.3127
44.29
52.9802
29.8011
15.8111
29.6596
39.8601
51.6393
18.1175
29.7627
36.5288
37.0558
42.3013
26.2448
22.6042
44.3021
16.7501
26.9506
49.9176
35.6021
38.4776
26.7101
29.5997
44.8668
27.5077
29.9898
15.806
27.5641
45.8719
30.1114
43.7155
32.1508
42.1432
8.34342
9.96823
42.0525
53.0213
13.4079
29.4377
48.939
42.567
13.4373
19.1999
50.6
24.8028
33.2558
27.4783
22.7595
20.735
38.5464
43.7197
17.1319
40.1488
25.8692
24.8062
22.7247
43.1733
46.7831
39.4273
12.1961
15.2247
30.6772
36.5811
50.567
15.2252
10.001
22.2189
40.3026
51.4774
12.047
15.7575
34.8637
36.8317
29.6321
28.1211
30.5505
53.7153
15.0648
14.3454
26.4735
15.7924
40.7945
29.4741
26.2463
26.8007
28.3108
40.457
16.2961
20.6945
42.6066
32.6896
27.5966
10.3469
15.6091
38.2767
50.1731
23.4685
26.0826
19.4646
27.7455
36.6451
14.9185
29.0904
34.2267
31.8407
18.5465
29.5723
36.8807
21.3385
22.4213
25.4706
32.5912
26.6588
32.8414
37.8737
26.168
22.641
20.5953
23.8792
48.5399
32.0089
35.8823
15.2884
17.9033
38.2216
16.4674
26.1424
23.6763
42.2262
45.7451
17.9736
23.9399
7.50885
8.74865
16.1481
35.8811
43.0367
12.307
25.1549
24.2631
33.0447
47.1868
19.8491
21.7497
18.4415
33.4631
46.5073
11.1153
16.599
16.4343
32.3755
36.4377
16.1625
24.5856
32.5137
22.3862
40.049
22.7267
35.5101
21.2784
31.8442
24.021
27.7116
35.5868
9.42571
10.6792
18.352
42.6512
13.2742
15.7728
48.7696
28.8357
32.6938
10.8616
13.6414
28.8255
40.0452
14.1651
19.4511
9.62981
2.45187
2.31117
33.5969
44.8932
30.4129
20.505
34.3542
20.4423
12.5344
26.0958
33.9976
28.5382
16.2925
30.6623
25.683
28.4752
7.30014
26.0337
33.9181
18.7056
22.8278
27.5529
33.7299
22.864
10.1194
24.4033
31.6052
26.3922
27.2706
36.1186
8.38496
6.28465
14.3729
34.4511
41.3319
16.6549
7.77206
21.7666
32.1563
32.8254
11.0994
5.59872
21.1616
27.9924
41.3171
19.0964
27.341
23.0168
7.35941
27.7083
44.315
15.0533
5.56915
4.71634
21.7765
19.4712
26.8021
31.3258
13.6715
23.0135
31.7438
20.5619
10.0141
28.9249
27.6641
23.6232
6.18721
27.8892
40.5393
17.1595
20.8279
13.5465
24.2469
21.8733
16.3603
14.9915
33.9377
25.7441
20.9124
31.8673
15.4094
14.9528
19.4458
32.214
30.6513
11.0438
15.4269
26.6433
34.5532
9.25968
13.6648
30.0106
21.6884
17.5329
22.3641
29.5948
10.5518
9.34409
28.3333
27.2428
13.5115
28.537
42.0242
17.8718
8.20653
2.51499
13.6328
33.3011
40.3181
16.1978
20.2381
27.1651
23.6021
13.2485
17.3789
18.8442
35.4325
28.5808
6.68506
24.9717
25.4954
22.3338
15.6211
23.6424
10.1539
25.2632
37.3915
13.6757
18.3674
24.6986
23.1041
23.9704
24.3433
14.3531
20.0455
13.2212
34.0912
12.5797
8.71165
19.6348
18.2345
29.7209
19.9041
26.1374
9.78174
17.9644
18.4746
25.5244
31.6597
16.9044
25.0972
13.9781
24.5986
24.4536
12.9533
13.9554
14.6778
33.3521
12.5261
21.2438
27.9379
7.16741
12.9669
18.9324
38.4652
12.9064
10.7102
22.9254
17.1611
22.8672
19.8905
28.2048
8.0276
7.37619
51.6232
27.0008
5.55566
3.78071
5.23987
20.9363
59.863
13.8822
10.0924
13.5664
32.2042
9.72155
11.9357
13.8635
34.8243
15.0361
21.3618
21.3717
4.99774
13.4627
43.1922
32.0009
8.55282
11.4225
32.8238
15.3782
18.5164
9.96186
19.2399
12.5197
35.7137
10.4849
8.95058
9.42538
25.176
29.5232
25.2788
4.16861
6.42368
18.5156
32.2801
20.7373
12.1586
32.7015
18.7002
24.1344
6.79539
12.8082
29.9881
8.63677
18.9244
18.1872
17.7064
35.0783
20.8068
20.948
12.0039
14.7082
26.789
20.6305
24.9891
15.3637
25.8981
3.88066
2.88146
21.5831
39.7412
29.6619
6.10516
4.2688
23.1178
34.7884
8.00908
4.43384
3.31762
14.6153
15.9456
43.4864
7.56536
8.98823
24.0133
13.1822
11.1304
23.7382
7.74815
23.6732
11.8428
25.0756
21.2477
17.4168
13.1021
24.5357
26.1291
1.61294
8.68367
33.5775
24.1392
8.45657
8.14833
20.9519
29.8551
11.2079
27.6695
19.1105
27.1431
17.7609
14.1868
28.3075
4.71793
9.89776
14.5595
27.831
30.1269
10.1345
11.0695
18.0845
20.0842
25.1573
3.44726
10.5137
20.1029
25.3296
6.77847
4.05453
32.3397
21.4197
13.2135
18.0751
11.4501
22.174
21.2615
31.1944
12.1015
11.9917
19.649
5.02488
11.7192
32.0662
17.7044
5.59318
7.49885
14.5433
14.7052
29.2661
6.92249
13.0386
13.9434
44.0166
18.3299
2.9515
2.97826
18.0545
23.8621
30.8599
19.7471
15.2442
4.46261
17.769
26.5878
8.69403
22.0077
33.0915
20.4681
5.03894
1.26918
13.4336
23.2114
12.9366
21.0908
20.2737
14.2724
16.4546
8.62153
21.4653
9.59092
20.6188
21.2407
23.4873
13.6781
21.9789
21.1115
20.7327
11.4478
15.2451
26.6845
6.3675
6.78554
26.9327
26.537
13.463
13.1171
20.3411
17.7117
20.2533
21.4054
15.0835
12.2855
11.1371
34.6366
14.6323
8.2796
11.0699
28.3256
9.13197
12.6158
12.5162
13.0223
24.5362
12.8736
23.7683
10.629
16.8916
7.59143
5.87752
10.2969
20.9036
38.9028
11.9144
8.50629
3.62804
6.85157
10.6834
22.825
24.1626
1.43773
5.48555
11.5377
26.3438
15.1844
23.7802
8.59162
17.7486
27.903
18.4166
8.46197
6.65494
21.6564
22.6531
29.1503
5.92288
13.2754
18.6188
16.1259
13.7354
24.5877
20.5953
7.95261
4.92831
31.1086
19.0149
10.7577
2.68556
4.35773
15.5691
18.3822
25.2562
12.1981
17.0048
19.4364
29.5079
8.60942
10.8137
25.6565
5.86931
8.1536
7.66305
22.7408
23.976
11.4677
4.69291
5.54214
4.37178
13.1549
28.5148
27.0599
6.57353
14.3118
8.67511
13.125
21.9071
15.2985
2.69583
4.13446
4.59258
26.7845
25.1214
27.5258
5.60624
5.40895
19.4746
26.7443
10.3128
18.1971
16.3012
12.0759
24.6789
27.9603
10.4229
9.01267
8.0623
12.4736
24.5487
9.51204
14.0996
14.1472
28.7553
20.4789
8.42154
10.8622
26.938
19.1598
6.9795
4.02983
6.60074
16.7563
17.7246
25.1277
9.13638
9.73143
32.6746
14.652
12.0105
7.39976
18.0453
15.3107
3.3337
2.75807
2.89552
11.9052
30.8422
8.31335
20.0641
20.4337
14.7448
7.199
9.27817
14.7841
23.3442
4.29942
8.82147
7.17765
9.9882
23.7247
42.9855
3.77363
5.43043
11.9948
26.9252
21.4044
6.09065
1.96118
1.98245
11.1616
53.9161
20.2676
4.06484
6.18026
20.0927
16.7426
16.3357
5.6501
4.28939
5.82466
26.7007
23.1873
12.3203
15.6218
19.0074
9.55174
14.3263
19.7062
14.9845
8.2281
2.38679
13.7929
29.1693
11.1766
7.22712
24.3396
8.81395
5.50986
18.9495
27.7534
7.51933
11.0891
15.1354
3.6096
4.39109
9.00919
34.0883
5.57709
8.52837
32.4897
21.8782
5.41982
2.96686
4.28087
18.6259
21.8358
6.49178
18.791
9.01315
21.1994
6.30795
8.47277
22.5576
30.2011
3.21309
1.65412
2.09212
19.9439
27.9751
7.65581
5.51786
2.62828
6.38682
11.5475
16.6496
29.1642
11.2425
15.3153
14.0812
26.5387
8.06189
8.14868
10.4029
24.2104
21.3804
14.8936
12.2914
9.57385
21.3261
8.29784
9.07372
15.2098
24.1761
25.1034
7.58665
5.52394
9.23294
21.3151
8.65953
17.2815
7.9639
23.252
24.7711
2.64554
4.66658
5.90375
23.743
19.938
12.7004
11.1659
21.8036
5.96976
1.47587
1.59881
17.9253
19.1358
2.16778
10.0918
21.3391
14.3532
18.0072
12.8596
5.11242
6.8145
17.4853
13.633
17.5748
18.2477
16.9907
12.4848
2.91114
13.353
36.108
6.95446
6.00182
10.4648
8.75547
23.1635
22.1408
23.4615
5.58284
2.07353
4.51125
22.2687
29.902
6.57131
11.8958
2.74883
12.1113
10.2142
17.852
18.1033
19.9211
20.1361
18.2413
16.2285
4.35676
2.72629
9.99359
11.6099
7.0666
10.3407
4.71829
17.1164
34.6908
15.8234
11.1397
9.78197
5.67601
9.57116
30.5551
7.79693
11.0091
3.86492
19.709
6.14014
9.58382
11.2748
27.194
19.1306
23.3596
2.96959
2.7835
6.80139
4.52798
8.23883
4.92516
14.1663
27.1864
20.5672
16.8188
8.72799
1.99951
5.59521
29.7984
9.49204
27.6691
6.21629
7.34793
26.2881
30.242
5.91844
1.51915
1.57817
2.88852
18.5768
33.607
6.28964
7.82569
13.6997
24.1148
16.815
22.2463
3.91934
2.36459
0.784794
13.8952
32.1299
12.0433
17.8463
6.24938
16.401
16.893
11.651
13.5839
15.2724
22.8892
6.75697
2.11854
1.80812
13.0191
49.3661
12.1206
11.414
13.5195
3.14421
4.18108
20.098
28.1859
15.736
15.293
10.7948
19.6556
24.608
2.89813
11.4943
25.89
7.49265
10.6203
16.1105
30.2638
8.88969
7.43603
5.58936
13.9978
8.31495
34.6639
3.12595
3.54017
8.21122
21.0564
29.0813
4.86266
4.16941
19.0271
13.643
14.3483
14.6893
27.4635
4.71243
19.3562
23.2553
4.32403
3.49184
10.1596
11.4201
28.4585
5.76896
6.80326
20.2069
21.1613
5.05923
5.84238
19.4892
9.20702
27.7122
12.2709
6.9869
21.388
17.3793
11.6849
16.1696
9.3953
20.896
5.07553
17.7287
13.636
24.2938
12.2328
14.5581
8.02889
18.5197
11.3187
19.5788
21.6953
3.06289
11.365
25.3024
5.91804
7.22312
22.6453
23.115
10.391
8.56075
12.6931
15.0612
25.6721
8.50022
11.6485
6.50258
11.9714
21.9474
33.1315
6.06716
4.91982
5.19466
2.79177
4.50535
11.3324
34.5948
15.0234
11.815
13.9294
19.0878
5.57711
2.85678
4.44849
12.5891
20.3038
25.87
6.70385
10.1882
24.3395
5.67215
8.29072
27.3102
19.3452
9.88638
6.2947
15.4074
6.50314
8.39039
16.2228
22.5453
9.06498
9.73211
13.2639
12.0952
15.0889
14.5923
14.4119
5.47153
5.62855
11.4995
13.7117
12.3737
25.7109
9.49097
14.7303
3.27134
2.22414
4.31063
19.009
39.0291
5.61085
1.38675
1.02993
1.37033
14.6402
37.1479
4.36909
7.82148
14.6949
22.4678
11.9887
10.9609
13.5325
4.19601
10.4928
14.331
25.5108
16.262
15.6268
5.51506
6.57788
11.6918
34.6537
9.34198
6.70012
16.4469
13.0813
23.5631
4.72311
2.9673
0.874186
4.17405
37.3925
19.5761
6.29483
11.7547
20.4035
18.0252
5.82084
1.17718
0.893997
4.1209
21.8407
41.7463
7.47575
8.96995
27.387
8.32801
2.14386
1.83303
3.08058
25.1588
20.0086
3.50383
3.50078
5.19671
3.71924
3.94411
11.8457
32.5607
6.69871
21.4357
11.289
14.3699
6.71911
14.199
3.66165
7.18177
14.4082
13.8024
30.8936
12.4892
5.35124
3.38687
18.4609
28.7568
9.80822
21.2581
5.78824
12.3703
18.7318
27.9685
6.08943
6.44143
26.0751
7.71281
7.45352
3.56063
6.29212
8.95337
6.66157
21.9365
4.57328
7.92858
21.6178
20.0119
8.93176
22.1994
5.29807
2.10324
0.828407
7.64938
9.70563
20.4713
10.5139
19.6699
19.3787
17.7207
3.12767
3.78844
4.9896
6.94325
6.31222
31.9205
12.2054
4.88785
2.64582
15.3528
15.7006
11.7522
20.1654
24.1499
20.7015
2.40425
3.46031
14.2546
26.6701
3.7246
2.04551
1.38425
7.79089
27.6214
32.3099
4.2153
6.28237
14.9504
10.4867
16.9139
5.42727
10.3495
10.1817
27.0706
12.2892
8.07934
20.7824
17.3334
10.6382
10.3431
5.43426
22.7775
38.9849
7.40309
3.28289
10.7044
4.97409
17.5281
19.6942
10.7089
15.2361
6.90031
12.6557
21.076
18.2742
13.8078
27.1303
8.28899
6.11749
19.3399
11.8556
17.9255
12.5975
16.5182
5.69019
2.12168
0.642517
1.03715
10.5715
48.9075
4.48691
3.66196
7.44431
32.1083
13.0543
5.03427
9.61584
11.3737
25.6743
6.79529
8.84663
20.1108
21.1589
8.39648
18.1848
5.11723
5.22352
13.6055
17.8989
15.7225
17.8978
8.2431
6.2837
22.2111
18.3323
4.19684
1.78137
1.8846
5.36713
6.68542
32.859
10.7046
4.69435
0.844965
0.808091
4.43232
10.0135
38.6728
8.98124
13.3809
14.5881
7.33039
21.8478
2.45348
8.07531
25.2321
19.6144
13.3882
9.89741
17.0181
3.34232
1.69674
10.3918
20.5378
4.9671
9.60724
10.6497
21.098
13.1268
8.0596
17.9113
10.8856
31.5747
5.459
2.62356
1.04617
3.44873
13.525
27.0729
6.96116
13.8549
11.1616
22.2857
26.3647
5.19999
1.01223
5.3848
12.6575
3.90879
16.5471
24.8967
24.3581
4.65258
10.8256
7.74014
18.0535
20.5935
14.629
16.126
3.73121
8.831
19.2722
26.65
14.0247
17.6078
13.6523
12.1272
11.5161
16.977
4.6473
1.52693
3.62672
15.727
28.2661
8.82063
3.44919
0.839088
6.60243
5.80718
17.7918
20.9848
20.9811
11.5492
7.70701
5.23478
11.7459
6.91426
18.9726
15.7409
14.4341
17.6144
9.06514
1.91313
2.10682
2.29656
23.8816
14.6922
30.5019
5.74418
2.96272
3.79729
2.4191
15.1535
41.2105
3.9329
2.07472
2.97325
3.49764
17.0312
13.2109
26.0973
13.0702
16.266
15.1199
7.04267
12.9946
1.49404
1.19458
9.25994
25.5301
13.827
17.9156
18.0916
16.459
3.16279
1.08479
4.16142
8.75373
25.0866
5.69758
12.061
15.4308
19.2729
8.46874
12.4084
15.771
17.519
9.56437
18.5724
11.6256
4.37095
2.20927
7.02029
33.4286
12.9085
5.24644
4.14642
12.2755
14.6751
6.24596
10.3012
21.3304
24.6431
4.49133
3.59418
10.4184
15.0763
8.52234
12.06
16.3653
3.70039
6.26467
3.97683
26.316
19.8787
26.8983
3.91666
2.07664
9.02255
12.6225
13.0248
6.18131
12.5213
15.5824
8.29959
8.79263
11.9452
29.7885
2.58704
6.10077
20.3125
4.10387
9.94981
6.29786
19.3448
12.0549
8.05453
9.94667
12.1478
20.8419
5.46641
2.68624
1.99756
8.73483
39.2398
3.22421
8.25605
16.6663
19.8687
5.39797
4.96496
4.32865
17.3244
15.6614
17.1864
9.64432
13.4433
4.56421
11.6896
4.65541
14.0926
25.415
22.1865
4.81433
3.78741
2.00484
8.39683
7.18496
20.8948
22.2265
21.8787
2.8825
2.95841
3.52204
7.32927
20.6833
13.1093
22.8662
7.72933
10.0608
11.35
11.8727
18.31
10.1107
14.6937
12.6906
7.53992
30.0332
22.9921
3.8198
1.29169
2.4472
2.40504
3.90801
15.2273
30.5595
8.25795
4.5506
16.5871
14.1531
17.3049
2.00971
5.97002
1.28327
3.84179
6.92324
25.5277
23.2489
7.45595
7.57753
15.5738
8.93268
23.1916
6.12823
2.45275
4.7647
9.31784
29.0456
21.2023
4.78396
6.61783
10.03
12.3023
7.8205
24.3095
8.63917
27.703
8.07454
8.75271
3.83911
11.1296
26.7772
14.6517
14.8111
10.6518
1.7531
3.40514
10.2237
17.9213
29.2627
4.01249
3.04521
0.945149
3.02631
9.92309
26.225
8.51739
16.3966
10.898
8.59821
3.26566
13.7628
27.0809
8.30387
12.3021
1.98419
2.32999
14.6361
33.7728
13.0384
7.12237
5.1671
7.75778
21.7017
16.7795
21.1758
4.20153
1.68967
0.446145
1.94866
17.0247
23.8924
8.19349
7.2744
12.7553
22.3455
11.1216
19.6504
7.91587
16.0047
26.2287
25.478
1.80503
1.79891
6.53161
10.5469
32.3772
7.73191
3.00978
3.14547
11.037
1.48636
15.8786
33.0027
16.5249
6.3731
5.86031
11.8773
20.4085
2.64859
7.467
16.1092
3.7009
4.47404
7.5017
5.45142
3.21102
22.0873
20.5469
10.1098
2.44994
10.7601
2.51416
6.18901
9.22942
32.9215
3.30031
1.76325
3.1708
9.68146
5.24745
18.3851
7.97673
23.771
4.29602
21.648
22.097
4.27324
0.793525
4.02212
13.8021
12.1865
37.9964
5.17
3.2437
14.6715
15.5671
27.2804
3.87979
1.78087
1.48547
16.6561
32.339
7.97597
8.0061
5.17584
12.3096
27.3354
4.08066
3.38766
3.78834
16.4367
21.6749
8.28671
15.6632
11.2739
18.4189
7.21734
17.9918
3.7271
4.25088
16.9095
21.4763
18.8875
6.21587
5.71145
5.32726
14.6422
8.46187
13.6375
16.36
12.3794
8.6518
24.1416
18.7352
2.47578
1.25545
2.10187
8.12353
41.3511
13.0918
5.32953
11.3754
2.94699
3.83316
1.67517
11.9086
21.5705
11.7973
15.1266
19.8327
18.2164
2.0573
2.20047
1.48893
10.3188
40.4656
5.54932
3.39603
0.75576
2.5706
7.7515
27.0578
8.87453
15.5662
17.7139
9.14054
2.58927
3.983
5.98338
30.2514
29.7238
3.51023
7.43334
12.6653
13.621
17.3739
9.05601
3.1045
3.08005
1.78725
2.51713
7.00101
12.9106
14.6682
6.08882
21.0253
11.0949
5.03332
2.70934
2.90906
2.09323
16.8446
22.1727
27.7209
5.38682
4.04591
14.5224
14.91
27.2372
3.68338
1.3418
0.439842
1.30064
3.99547
16.6541
38.4202
4.93273
10.345
15.5133
9.19302
9.67317
11.0997
13.3238
2.26328
1.25269
2.72411
19.2605
35.9434
4.15859
4.95082
0.508118
2.03789
7.84301
21.9454
32.6051
3.6978
2.76443
6.4498
2.00879
2.98368
12.7464
34.2922
5.53663
6.62854
17.1233
9.46707
14.5831
14.3743
11.1154
4.96142
10.5715
5.7463
19.0542
2.63067
11.0271
27.5444
23.6259
3.33919
3.30116
9.43551
10.6027
22.3036
13.1995
17.02
5.29836
0.905756
2.10144
23.7549
23.0531
18.1174
3.72056
1.58231
1.95701
6.86694
7.51856
31.747
15.5525
22.6986
7.45614
5.08492
20.6972
1.53109
5.38114
10.663
4.25549
25.6156
5.70061
12.9021
15.3882
17.1845
13.808
5.74897
5.21255
17.9641
14.1301
7.20665
19.2119
12.0385
6.90794
6.36997
6.89107
16.4441
14.1383
12.3247
11.9785
12.5385
1.41932
7.51325
28.2045
7.85105
8.28724
5.13877
6.20706
18.3149
14.0078
17.4465
12.7019
17.4849
14.5501
26.6173
4.25847
0.682692
7.04727
31.4175
11.2702
1.67459
1.95665
4.45165
3.37546
11.7209
29.0692
10.7754
3.88455
5.69745
5.99289
14.0361
8.70064
12.181
14.6119
8.95815
15.3319
2.87458
0.767522
2.55389
13.515
39.2134
3.72168
10.1269
14.5306
1.26275
4.59523
3.77937
21.5152
21.8163
22.9385
9.84282
18.0277
2.31234
3.29175
11.3619
22.6593
9.17745
18.5418
15.1339
12.4282
6.84223
20.0287
8.73153
20.1656
3.14173
3.05841
19.4983
8.0427
5.34258
11.4899
8.90358
24.8891
12.7606
4.65722
3.48071
9.31452
29.2444
7.4362
10.9377
22.828
4.80709
6.97317
22.9676
16.6773
11.7653
15.0747
5.82303
5.14028
17.8343
13.5527
3.93837
3.13273
10.6208
15.5091
25.4672
8.5641
2.83605
9.30011
15.9693
31.8713
3.11295
0.88761
1.79843
1.45754
2.41626
7.65294
54.205
8.24917
4.57811
4.5392
19.3493
18.764
7.64416
16.415
3.44929
26.2928
7.94723
9.01787
10.4946
9.1601
22.0931
8.70547
17.7122
8.11973
15.4238
6.06765
17.6078
16.974
20.0623
9.06074
8.82939
3.64781
6.25074
2.55773
22.4622
14.8625
18.4907
4.576
5.21765
2.10783
6.81974
16.5271
15.4308
22.66
2.51022
5.02123
3.26351
13.9778
37.2932
7.92115
3.62347
1.80496
6.59264
15.9049
24.4594
14.1022
11.4094
11.2853
6.19623
11.336
18.3145
5.58106
15.9292
9.78751
18.3479
10.8427
4.00022
5.47517
1.97512
6.54168
8.31502
2.7253
29.2036
30.7562
7.58799
2.77351
4.11306
7.80841
13.7979
10.6341
21.6251
7.74874
11.5743
11.7108
18.2348
4.95027
6.77769
20.0631
13.2223
8.15873
15.3893
3.9936
10.4621
1.04289
4.95519
15.6104
42.7159
2.41842
2.03657
4.29864
2.0535
3.01924
32.8245
14.2175
11.2468
0.897332
2.25259
6.97758
18.7305
28.8526
11.6646
9.64534
18.9922
4.53097
10.4367
12.1349
21.3278
12.9076
11.5226
8.82669
20.5797
3.16951
1.70779
0.949504
4.02687
30.0509
19.1863
11.3542
2.48309
10.0101
8.97713
27.7867
4.17986
15.4732
24.2902
4.23252
0.805396
1.8328
15.3449
16.3229
20.1047
8.49361
12.3537
14.6745
9.79806
13.2728
5.93411
18.6626
18.6557
22.8418
7.84801
11.2269
18.2413
3.70124
12.217
5.93887
13.4035
14.6596
13.7162
1.11161
0.902328
5.76651
15.714
32.0798
4.35087
5.88913
18.8147
4.04939
6.07305
0.951502
0.92045
28.9959
27.9577
4.79089
5.77116
4.6546
13.0943
18.8119
12.4804
16.8366
2.00071
4.1684
2.85343
14.6428
17.2055
21.7749
7.37614
9.08939
21.9236
15.0233
3.96742
1.64108
2.25779
8.30161
33.2954
11.3921
19.9881
5.69256
8.86655
4.60013
15.1089
16.9434
10.6876
12.6872
11.8715
10.6269
13.3025
20.3595
5.90662
10.6549
21.1939
7.59544
8.31638
6.149
15.9977
9.20245
19.1331
18.961
13.542
1.50147
1.1681
4.86524
7.63612
28.5598
3.15588
2.92082
2.67632
16.6518
34.9619
6.13865
1.3903
0.547026
3.28572
5.88738
14.5595
15.9516
21.573
11.551
15.434
19.693
3.51962
4.24306
14.2862
21.9213
1.69995
6.49522
21.9781
20.4884
4.51661
9.39043
6.78715
6.91061
20.5207
8.14929
11.7684
7.09703
19.8198
8.60787
4.18541
4.52883
4.54306
20.1029
20.6214
1.54609
0.929374
1.78789
8.5125
34.7888
17.9034
4.22063
2.82614
2.40986
8.07409
10.8014
26.201
10.5694
18.6605
10.7112
7.46263
4.37008
11.1219
21.9271
2.78012
5.44969
20.7921
3.71081
2.01756
10.4713
11.9648
6.45993
16.12
5.20479
4.78725
1.85187
8.52093
1.18539
1.07719
38.2822
20.1383
11.5193
8.0973
4.80988
15.6234
14.4973
29.6479
1.14732
1.51122
2.38247
9.6366
30.7027
8.83621
11.2755
4.66284
6.78696
15.3563
10.7441
15.5315
10.1187
14.9192
7.70429
10.1376
13.1708
8.57101
2.8153
8.86312
10.7708
8.4554
17.3149
8.11716
6.21249
12.0529
23.2207
5.41941
8.96729
16.9185
4.9522
13.746
7.75455
19.9576
2.5033
12.4274
12.628
5.61999
9.14875
18.9265
11.1695
5.10471
9.57027
3.90833
6.23552
20.309
14.4541
15.6812
1.32403
2.48388
3.24114
13.2915
25.1659
28.2096
7.30437
1.91107
1.54188
1.02412
2.32893
18.1254
34.4295
3.62173
3.17766
3.01002
3.60582
7.66234
6.21573
29.3843
10.2295
12.614
13.0006
19.6161
6.13211
19.5502
11.8918
8.70586
10.7179
7.55124
9.46411
5.55567
11.791
15.0091
21.1156
1.03826
5.37918
1.44802
5.10192
8.60506
21.5832
25.7414
15.1476
2.21986
4.68012
4.88101
20.8711
10.2669
12.0019
11.6877
13.4062
3.67037
1.81333
0.64485
4.31185
20.8821
33.4135
4.08676
10.9271
15.0781
10.0002
8.55428
11.6352
23.1851
24.065
3.65542
2.71987
5.42316
10.9515
20.493
4.0749
5.91293
16.4721
10.0752
18.2087
3.07713
8.17437
5.68939
18.2605
20.8967
14.6773
5.50821
4.14016
3.88895
15.8905
11.9779
27.961
4.29746
1.70287
1.6703
1.31119
23.095
32.0898
6.85154
5.69332
2.49052
13.4632
13.0579
19.8928
4.52969
8.42415
9.07569
25.2258
2.26419
14.0889
14.3008
2.7681
5.39443
1.01298
5.26694
5.97339
34.0867
12.1434
12.9818
17.889
13.0591
10.8315
1.05827
2.51957
11.2801
26.9284
6.13332
2.49445
9.12566
0.619015
1.44479
20.1031
34.7421
8.11454
3.88596
0.865214
1.46052
3.49824
16.5951
18.0381
22.429
4.29796
2.27815
4.47077
8.59427
14.235
24.6801
11.4426
13.2076
11.6569
7.48257
13.6416
12.0155
18.3575
4.52442
7.98322
7.13319
16.4822
13.7572
18.1342
1.65597
4.05582
11.2666
8.7785
23.8719
12.2123
3.39712
6.41356
9.439
8.19541
18.6486
5.39285
10.5093
5.84223
7.44672
23.0105
7.80592
6.65795
6.03898
14.4235
14.0639
23.911
1.56505
2.4766
5.65354
2.77
12.8998
21.6489
21.6642
6.11014
1.58954
1.28758
6.88892
20.9871
15.5849
24.5465
3.64018
7.36391
10.9378
8.863
14.666
7.24638
8.11251
10.778
11.8184
1.65195
6.78762
1.46146
0.666388
3.4374
3.56832
9.25573
46.9932
5.34005
7.57382
14.5583
3.11662
8.43303
2.1046
16.6685
32.4704
16.5142
7.70073
10.7734
1.66195
3.69064
3.01929
16.5194
23.7511
21.5052
2.75363
1.40682
2.79384
14.368
31.5451
4.65648
10.999
20.6253
4.11416
2.12739
7.17793
23.5299
14.5379
14.0251
12.2058
5.53827
18.999
12.6332
2.56961
5.41643
17.0438
10.4813
12.5338
21.2901
5.71764
11.8058
6.25392
23.6553
7.58804
12.8002
2.36275
5.45084
16.8174
15.9339
5.7619
9.65253
21.6131
7.02414
17.8189
4.62501
14.9035
1.63618
3.19266
3.73609
14.9908
36.5663
2.16994
8.6315
8.35213
2.12685
9.11357
22.7638
24.8125
2.60133
1.87674
11.7088
24.7555
3.72561
6.62427
0.78175
12.4268
23.5915
4.90901
23.3007
2.01413
7.88625
17.2962
6.97721
11.3395
13.6543
22.6177
24.4771
2.73808
0.711259
2.65274
6.28112
34.4713
8.28578
8.87824
4.91805
15.5441
18.6893
3.55037
1.34189
0.902354
9.92534
38.0616
8.88254
14.3175
3.32955
0.909663
0.768405
1.48519
25.5122
24.0567
1.42271
2.16879
3.22835
19.4023
20.6318
9.03334
16.5768
12.4483
2.77137
6.83549
13.9877
29.6547
7.09082
3.77203
7.81967
3.45457
5.97775
1.66739
7.69134
15.3226
23.4354
8.02252
16.4242
9.15014
13.7371
7.15554
5.32205
5.30339
26.3531
20.4246
2.06205
1.78223
2.08138
11.3245
25.3596
6.42208
16.0157
2.14806
9.08801
23.4589
13.7208
14.8135
10.7699
15.1861
3.7133
3.21827
12.372
15.7297
23.6779
3.81442
3.57121
1.52404
4.17411
11.7178
14.854
26.5659
8.89596
5.17153
11.9368
18.328
27.1438
3.16471
0.612956
1.9983
4.51654
30.7836
9.62034
9.23065
0.985717
0.778174
2.28131
15.5397
28.4862
9.14516
7.79239
19.1131
11.8743
3.78888
4.57482
4.44195
9.80734
12.4026
24.6268
9.87538
10.912
13.9578
9.66325
19.2427
5.8158
4.50245
12.8679
18.7748
3.7075
2.76388
3.31535
11.3542
24.8469
9.78452
3.68919
0.667955
2.74791
13.2185
12.4025
23.1806
8.04955
10.3862
21.6399
6.5837
6.99936
11.421
18.4969
12.4128
7.19725
2.52223
0.765879
0.86476
3.84255
36.2511
9.54462
19.3644
6.69956
7.34989
2.16421
9.63792
20.3743
13.8303
14.0889
6.61144
14.3393
9.05363
23.2842
3.97626
7.66177
20.0424
6.38587
4.40315
11.4753
20.2308
8.85938
16.6798
7.66585
11.2676
1.98535
6.52922
21.889
26.7944
2.29199
4.0331
3.45184
10.6028
16.6667
31.2942
3.00196
0.830279
1.04048
18.5025
35.5913
3.36021
3.56845
1.14285
2.98585
4.77364
19.7764
14.4551
28.928
5.51687
2.06436
2.83817
5.6367
13.5216
16.0724
3.13046
11.3214
24.1554
17.3211
5.64655
13.9013
