569.574
335.072
226.714
176.412
173.693
185.642
135.771
169.06
140.612
136.843
132.19
148.741
145.037
124.83
118.611
134.37
116.577
126.454
117.879
130.867
127.563
128.581
144.274
116.421
139.319
102.391
126.38
82.6278
115.559
74.8603
113.254
69.0536
128.504
57.9793
103.368
62.1783
94.1715
59.1703
88.6359
61.8662
85.463
66.3047
89.655
73.198
85.0501
78.1204
79.8973
65.1318
89.7835
65.8997
89.4223
64.1091
79.0389
69.4893
76.48
70.5636
78.6877
63.8516
75.569
62.3813
75.6247
63.5078
77.0698
61.3126
74.0395
66.1953
75.3039
69.0877
68.604
87.9552
63.6469
98.7914
59.3428
71.3602
61.3767
65.1054
63.1038
59.6101
70.4293
62.8126
76.54
55.9831
75.5232
51.8825
76.1596
45.6031
76.5898
52.5451
78.3604
53.0329
77.3694
46.1578
72.4211
45.3505
75.0281
56.6335
70.5394
53.6137
73.2051
49.3355
70.9442
50.3308
66.2737
50.1001
68.7918
54.0164
63.6794
67.0225
63.5584
75.6599
58.9495
78.6385
53.498
72.3331
49.8843
60.5449
61.1206
63.2157
66.8081
60.366
65.3391
61.7248
59.6015
64.4034
55.5035
66.7174
56.4055
68.8541
54.6415
69.6161
50.9013
69.0948
46.324
75.3662
45.2317
87.2734
45.954
77.4532
44.9267
78.2374
38.4345
70.5658
46.5053
70.6233
45.0025
77.4005
38.4418
72.873
45.6143
79.6188
38.2349
84.6582
28.1969
81.8821
46.8497
77.6382
46.4451
78.4655
42.489
73.9719
42.5286
66.1091
52.6229
74.2912
43.6095
75.0049
50.5997
61.1618
65.5073
56.6334
59.0763
60.0822
57.4216
61.1402
56.7412
58.2566
54.5256
59.8019
58.2084
53.9967
65.4338
51.7299
65.5073
57.9739
58.5041
61.6464
54.5005
56.9583
52.0139
61.2521
50.7248
62.9267
53.1852
61.3844
55.6841
54.5434
62.566
51.049
66.4419
43.4877
71.2516
39.2327
75.1239
36.6555
76.5447
31.9511
65.0403
34.696
66.7317
35.7064
59.9227
40.6292
65.788
42.209
61.572
51.9773
58.9555
36.2933
65.2772
38.6465
76.8119
31.4494
75.3197
27.9045
62.8974
38.804
57.9474
41.8107
51.0912
49.9307
46.7847
47.7563
43.1659
46.3632
47.5241
50.9855
47.658
66.6594
58.1823
59.9879
61.9173
58.2027
59.5421
60.1409
56.9532
57.5097
56.2683
58.6521
51.5557
60.3319
50.7994
61.5474
50.6599
58.023
43.6444
64.5773
39.1564
63.7843
40.0823
65.1537
42.4445
61.7085
40.874
56.7352
45.5033
56.1218
48.1346
52.2792
49.0148
44.3972
47.0204
49.649
43.4179
46.2471
44.8029
46.5161
41.0598
45.6743
43.1366
45.7
40.6966
48.6069
38.5661
55.6083
45.7729
56.3765
48.0968
52.9303
47.9915
52.2279
50.8493
50.5582
49.6316
49.2864
51.1921
45.7608
54.9992
43.72
52.572
43.4392
52.7861
44.9905
54.7085
45.1271
53.9075
46.9852
48.8233
46.2521
50.891
43.8153
53.5294
42.7704
56.1713
45.0123
53.0756
46.071
49.5258
45.1895
53.3831
43.3564
56.3107
40.1772
39.9077
45.2827
41.4427
42.2665
40.3435
34.7381
42.4645
36.2049
36.5059
48.1987
39.2215
53.8877
40.2437
62.1874
40.2295
58.2754
41.1608
54.0419
41.9941
53.7959
42.7669
52.4001
43.5114
51.3969
41.8865
49.3452
44.9891
50.2581
41.7904
48.544
44.2126
46.77
42.7828
53.137
44.3457
47.1643
45.9768
43.1926
47.9612
37.9612
57.3787
36.0743
58.3707
30.5975
53.6
32.4631
45.8817
28.287
43.8428
32.197
50.2851
44.2414
48.1702
52.5755
39.0419
49.9938
43.6319
46.711
41.1418
42.9457
43.9595
44.5769
41.3421
38.7355
43.9066
37.4289
47.0185
37.7804
48.7984
37.3102
47.094
37.8597
45.6073
39.1196
47.4598
41.7651
45.6932
34.8809
44.9994
36.1407
45.2341
40.1791
38.2098
36.8067
43.2019
38.8803
36.4146
39.4195
36.4682
37.1155
42.2539
36.7069
41.0047
35.7346
42.6688
34.6558
47.3167
42.3919
67.5179
37.2615
61.3892
41.2194
58.5524
36.9696
50.0694
33.95
39.8647
38.2809
28.6516
52.5959
24.8929
51.0295
28.3771
37.1445
26.9425
36.8539
31.0648
40.5118
34.447
45.6554
34.6252
32.275
27.0308
38.8121
36.2214
25.0424
74.8838
26.3296
60.1298
41.6224
68.0095
35.8047
69.9203
36.4472
78.8655
34.5259
69.2254
37.038
65.3257
32.7715
57.6151
32.1844
54.7352
24.6819
52.7471
26.1904
63.7502
37.1878
66.4435
38.9419
64.0098
37.8663
59.9414
39.441
57.7405
39.3811
55.8742
38.7282
54.4063
43.6554
56.109
39.7056
54.389
39.4963
51.6535
39.0874
48.79
43.1216
45.7107
41.6207
45.4893
41.6284
39.4673
42.0302
34.8773
46.6254
27.4383
52.4549
24.2335
48.8224
23.3083
44.2591
21.472
45.4231
23.9528
41.0777
25.5613
37.1365
23.9576
48.5083
19.9521
45.9775
16.9481
54.6414
20.4059
48.7787
23.9779
40.1848
26.0061
41.8113
20.9441
43.2081
22.5946
35.0977
21.1073
35.2337
19.7933
53.621
21.188
55.8123
19.8059
53.3337
21.1289
51.1198
20.6021
50.7208
22.8561
50.2576
20.3107
54.9841
18.4618
50.0433
22.1283
40.3657
28.7166
37.2443
27.1332
40.9666
28.9828
39.3833
23.6294
41.7502
30.5681
34.9385
29.2774
35.149
30.5221
32.2026
27.32
27.3159
26.5975
24.5103
26.3347
37.1173
33.8666
30.1882
32.7142
22.7978
35.1652
21.8097
32.2672
25.3602
32.0626
23.9326
40.5145
17.6829
20.9097
29.6442
44.5439
30.6263
50.4115
27.3708
51.2876
28.1514
47.592
27.4382
46.0528
26.0071
54.4739
24.3901
49.9952
27.5315
41.8754
28.8833
49.5694
35.9037
50.2304
31.7751
52.0157
31.0207
50.87
28.7746
54.1131
27.3409
58.2422
25.3042
36.4479
37.4594
41.8973
38.4331
42.2187
35.7954
39.9574
34.4704
43.4254
33.1
50.3234
31.8768
48.8563
29.7228
52.0944
25.0496
57.4051
22.8425
62.338
24.3496
13.696
85.1115
25.1216
73.1006
16.7898
60.8437
22.1101
60.7403
18.4502
68.4643
16.9647
60.3232
14.341
65.1922
21.0336
55.8764
18.2985
52.6215
23.8724
49.4793
26.4067
43.1786
27.2514
39.3849
31.4384
38.2302
29.8569
37.222
33.8573
31.9757
36.3131
31.6953
36.7721
27.9686
36.2591
21.4328
43.7016
17.9603
48.1872
19.5714
57.3678
16.4843
60.921
15.9703
52.3017
17.2753
54.9563
16.1145
43.1854
18.7585
39.9819
22.0083
33.0488
28.795
30.4829
31.6947
29.1154
39.0859
32.9827
39.6216
32.1182
36.4194
33.0396
36.0158
31.5914
30.9648
35.2843
28.0574
33.8565
27.4417
26.7266
46.8692
38.5834
45.1541
38.4457
44.6635
37.6515
42.141
37.4222
42.3068
37.5378
41.143
35.5907
42.3217
34.3074
41.5436
31.8307
46.6788
32.1529
41.1771
36.4461
34.7517
39.7525
24.9569
43.1428
39.4013
33.609
48.3757
29.7439
49.9317
25.8078
51.189
22.1402
36.2454
23.8485
39.9761
26.3921
43.2649
19.0657
45.3813
21.0757
41.2099
22.9356
36.0609
24.648
34.2392
27.7188
37.773
18.7427
46.8467
22.106
42.6406
21.6211
35.9928
19.2839
38.2827
19.6962
44.5862
20.5629
45.8771
22.2871
43.7048
20.8371
35.9615
22.9515
39.1254
21.4873
37.0237
22.8723
31.9051
27.3639
32.6596
23.033
31.5661
23.6499
32.3675
25.349
30.0542
26.5978
31.6888
24.1966
31.6772
20.7941
25.7846
23.7349
23.8636
31.5996
26.6072
18.6712
51.2302
27.343
38.1587
17.8121
50.335
20.21
52.5556
20.3702
48.7174
21.0709
48.6327
21.2002
45.1975
16.1288
63.0321
18.7648
57.0382
19.5784
44.6783
25.1623
45.3128
25.9993
44.8136
29.6854
45.3073
26.8319
45.1914
26.1016
45.6753
25.5942
42.111
25.6032
38.9905
29.8596
34.8534
32.7421
35.8518
32.0506
33.5712
34.4123
33.8334
37.7132
38.0526
29.9115
32.3656
29.9763
30.5006
34.0656
31.8214
34.4573
31.9909
35.01
28.5765
26.2728
41.7057
25.9152
39.3679
26.4552
36.5085
26.4892
34.8109
29.1131
31.2472
26.4405
31.9994
24.4633
33.1894
24.5618
34.6125
23.1943
35.5229
22.7645
47.3914
29.2229
42.6459
24.9933
35.5047
25.2244
38.7078
27.6287
28.772
28.1467
39.2443
25.0492
34.3069
20.4484
30.7525
25.187
38.5858
26.5452
38.5065
34.7962
32.1741
41.1553
33.4346
38.0415
34.4069
35.8269
32.4213
35.6172
32.7501
36.9468
34.8979
32.8057
36.845
30.1575
36.7511
32.7823
36.9748
30.2364
38.1375
29.5653
37.3116
32.2226
35.6437
33.1431
34.254
33.2913
35.7781
31.6363
34.788
32.6929
35.8774
32.2328
34.88
31.6762
36.1184
31.5445
31.7201
36.3372
30.1527
38.361
30.0042
37.7994
29.5672
38.6245
29.3016
33.745
30.7561
37.1662
29.4001
38.2335
30.6835
36.8663
30.703
34.7934
29.6898
37.0151
26.8111
40.1446
22.9136
43.0252
25.869
36.0858
30.6211
33.5756
30.9056
34.0328
28.6651
34.8946
26.974
35.0514
29.1282
32.5762
31.3297
34.809
31.2775
30.3352
34.7526
29.928
33.6495
29.1181
33.6343
22.0501
31.9957
29.0488
33.8904
24.7153
37.1228
20.2281
43.2547
16.745
43.068
16.1113
46.9159
17.3123
43.0782
18.5877
41.4321
17.7179
42.1423
18.2217
41.629
21.7333
31.9434
22.2648
30.6877
14.9443
47.0612
19.3933
38.8538
25.8195
34.8972
27.3233
31.9393
29.8662
25.1187
26.8927
32.647
28.491
30.1257
26.3073
31.3733
24.7506
33.435
25.3485
34.1163
18.8531
41.8367
18.8643
38.6132
20.168
38.6797
20.4833
38.935
23.0947
41.0056
22.7155
50.0606
19.4006
46.1024
16.7758
39.841
17.1262
45.8477
19.2647
45.1383
18.6134
51.3975
19.569
44.9492
22.3421
38.7973
24.9111
40.8232
22.7095
40.4378
22.2052
39.6208
23.3719
40.6529
22.959
34.4023
28.0095
37.7026
26.2784
38.0157
24.4383
41.5604
23.4541
35.9426
28.381
33.6892
28.8136
33.8342
28.723
33.6835
28.1154
34.0968
27.4159
32.3788
26.2978
33.4302
27.2541
33.0147
27.8419
33.0436
25.7776
34.0267
24.2681
37.2137
22.7232
41.7622
21.5043
40.9159
20.2307
45.4635
21.8709
36.1625
23.7986
38.1729
24.8388
34.7249
25.8683
30.7198
32.7672
31.3791
29.0775
27.968
30.2647
26.5812
30.8488
32.1432
32.0024
33.332
26.1087
40.4975
26.6907
38.4988
25.1032
39.8684
24.3271
34.3143
27.7961
35.8627
27.8904
34.6553
29.2857
36.6
27.118
35.3478
28.4346
33.6567
28.1237
33.6534
29.2762
33.5693
28.8309
31.7141
31.7514
34.0071
31.0162
33.7167
27.1887
34.6853
28.6776
34.0798
25.9845
36.1927
26.9975
36.4558
23.2746
36.3875
19.4891
31.5141
25.2462
28.6732
23.4358
26.9642
23.5643
26.5108
24.645
25.4139
29.0071
31.4624
30.158
32.1833
28.3995
30.3933
31.793
27.5684
31.7887
28.8922
33.1808
29.0242
31.2047
27.284
31.0653
27.9089
32.3498
24.8205
32.9861
25.5169
33.6042
27.0654
31.4592
25.3264
30.9497
26.5716
30.6098
27.3766
32.0913
25.6616
31.2018
33.1211
31.9702
27.5245
35.1023
27.2804
27.252
29.5125
27.273
39.1764
19.7876
47.4397
19.4386
50.8184
14.3615
48.8994
15.6951
52.3381
12.3947
49.2004
12.8596
41.9705
18.2432
41.5985
20.6757
41.0727
23.8323
52.3994
22.5018
49.2613
22.9878
48.4465
21.2503
48.1939
22.4717
50.1797
21.3013
48.7853
19.1773
49.0543
20.7109
46.6861
23.0562
41.4032
21.5079
53.6509
28.8473
34.2688
45.6434
26.1932
47.0451
22.1699
44.3712
13.0134
52.5547
10.6594
53.4606
8.83187
25.0263
7.50787
57.5352
9.91101
55.2594
12.8232
58.1414
13.4581
62.0697
12.5559
45.3468
15.2658
48.9846
16.3414
52.75
11.4506
44.5722
13.4991
48.812
12.0127
48.0899
11.4315
47.4068
8.59757
46.199
10.572
53.0247
11.0839
58.5302
13.8958
47.376
14.2004
53.2116
14.7286
48.1747
13.3354
43.1796
20.8963
50.3933
15.0967
50.0843
14.8499
52.5571
16.3319
52.3839
18.487
37.9726
22.2832
38.5341
19.5201
29.7065
29.1232
29.4394
23.8233
30.8619
25.8725
31.8097
24.8
37.272
26.9897
46.5303
17.8975
52.7584
17.9971
52.604
21.6937
42.8944
26.1546
37.8167
29.5693
34.1973
31.245
29.2935
45.7782
27.4546
37.4658
28.991
36.4531
29.244
35.0259
30.1068
36.5896
30.1775
32.5618
35.6511
26.8725
38.0201
24.7073
35.9156
29.3018
35.0639
30.1032
37.7862
25.7246
37.5156
24.6488
37.4022
23.7986
40.643
23.2418
35.3246
27.2116
28.7271
33.6835
29.4433
33.7066
30.3567
32.8322
34.1459
32.5458
29.9115
31.4202
25.3212
34.341
21.4105
34.77
20.2618
42.5162
20.249
40.1977
23.5749
44.3299
26.4453
42.934
23.8301
34.8687
34.6746
38.0913
31.7274
38.914
31.5376
35.2017
32.1357
32.0281
38.1625
33.0988
35.4865
34.7867
32.7405
32.7589
32.2312
29.5052
34.927
30.7783
34.6114
31.2668
33.2799
40.8943
34.949
28.0425
21.2001
16.7795
24.6439
12.092
20.6877
20.2069
49.7673
18.5201
40.7897
17.6338
46.2586
16.6769
30.9311
28.2478
29.4375
23.967
48.4402
24.0432
43.6022
16.7294
31.2201
24.713
37.6566
15.4668
40.2857
15.4377
42.9026
16.4793
50.6184
13.1503
41.9359
14.8402
41.9581
16.6524
34.8758
23.4454
33.4008
37.1825
32.0787
28.1131
39.2586
32.4876
30.4366
27.719
36.4818
21.095
40.6092
18.7078
39.9188
15.9033
35.7801
12.6431
23.1881
28.4143
36.2122
21.5217
37.6936
22.143
36.998
20.1945
38.8233
21.7469
40.7289
18.2939
50.6164
20.5224
36.351
39.802
31.7621
19.4292
41.8928
19.6377
44.558
24.4697
27.8869
32.2433
29.4614
34.9068
29.2799
33.7071
32.1499
24.7904
17.2446
16.915
8.65569
58.3673
11.8002
65.1149
14.0834
60.0285
15.4619
48.9653
20.2763
47.336
19.4429
46.7813
20.2174
41.0371
23.676
41.3702
20.7908
42.2608
19.5682
37.3716
24.9131
30.2472
27.7472
30.3068
25.6997
29.8348
28.4124
29.5826
29.2578
38.5681
21.4069
29.0606
32.8593
22.939
34.6337
26.0244
35.0756
28.1593
28.2153
32.1368
25.1291
33.1594
20.7175
36.7648
19.2233
32.6916
24.9417
32.2371
22.5182
38.2974
19.2496
33.6732
24.8755
38.7377
20.2015
31.0377
24.1978
33.4488
24.9493
34.1941
21.4161
31.1531
21.8449
41.8134
11.07
45.3472
20.7582
51.5172
16.2338
27.3285
26.3985
20.7879
26.7564
14.6593
45.0885
15.2827
39.8214
35.7428
26.0835
35.832
25.414
31.3234
29.3377
24.4643
30.1409
25.3973
29.6007
25.8568
29.249
27.3883
26.9216
30.1045
24.9046
26.4607
26.3581
34.0092
24.682
27.209
28.5933
28.5521
28.0793
27.8307
29.7407
26.5477
26.2838
27.7524
26.0143
29.8589
25.6349
28.5996
24.3488
28.254
24.5417
29.237
26.8547
26.832
29.2247
28.1571
27.9971
27.5727
24.46
31.1471
23.1536
28.9899
24.9556
32.9704
24.9016
21.88
32.2826
21.4378
30.637
21.9506
34.1574
21.3536
33.378
21.741
29.1769
27.7937
28.7769
26.826
29.6155
24.8308
28.4401
25.4631
27.8322
26.4628
27.2995
27.4315
27.0406
26.7737
26.6011
27.4701
26.0456
27.4259
25.9744
28.0551
25.9635
31.5675
24.3005
30.6849
25.1086
30.2687
24.4262
27.9328
25.3054
29.5288
25.133
29.8455
25.1292
29.1287
23.5865
32.4012
21.8473
30.3278
22.8627
28.3322
22.7734
29.724
24.9627
27.9951
26.4283
28.0624
21.9569
32.5003
20.5389
29.7038
23.7705
26.9506
22.605
30.7942
21.0078
30.5289
22.3935
30.3662
20.9379
35.6798
20.219
30.8971
23.8533
25.3652
26.0859
28.8349
21.5222
25.547
27.2982
25.4092
25.5731
27.9396
22.642
30.5386
21.9157
28.5407
24.4633
27.2995
21.8697
32.5627
19.9285
34.3701
19.156
34.5646
18.5336
33.8606
19.3522
35.3335
17.6536
36.6376
16.8945
42.7546
14.8214
41.3097
15.0075
41.0559
15.4057
40.8484
17.8415
40.5239
23.9988
39.4848
25.482
36.178
24.6114
34.7013
14.3792
39.3406
21.7564
40.1468
17.3283
31.1103
21.9513
31.9001
20.0503
34.4023
18.1235
37.606
16.4875
31.2
22.5048
30.8551
16.322
29.1708
14.0814
28.0061
12.0581
27.6737
11.541
27.0864
6.48993
11.8138
52.2196
14.7212
46.6427
17.3927
43.751
18.0071
41.9597
18.5354
40.6195
20.4612
48.8713
17.7605
52.8795
16.1936
48.856
16.117
37.3963
17.9998
44.1773
13.738
47.5731
14.9797
46.5218
14.2746
41.0255
14.8003
28.6276
19.4255
35.0377
18.1596
27.6088
24.6818
29.6432
20.9149
26.7438
25.7432
28.0872
21.7743
30.8196
20.0924
32.2388
21.1313
36.0278
21.7946
31.5296
21.1067
31.2695
23.3872
26.9171
24.96
27.5169
26.9014
21.6799
31.3725
19.8179
34.9372
15.4372
29.2378
19.6454
27.8878
25.3994
27.983
21.2788
28.0027
17.6035
28.1183
17.9387
34.9087
17.0549
41.4718
14.2618
39.3704
12.7126
43.7277
11.4165
45.613
10.7488
35.6539
14.1244
27.9117
21.6791
33.2864
20.8401
36.3679
17.6509
34.4143
17.4731
33.4691
25.489
37.3337
25.2407
40.7666
20.1488
34.6296
19.6396
40.2257
18.1678
41.3167
14.7188
38.6687
16.5951
36.4063
18.1572
31.5894
18.7458
34.6511
19.4554
32.0084
20.3817
22.8711
24.8629
22.3252
24.1056
20.0226
22.4486
21.5149
21.5784
18.3877
19.0661
21.862
30.183
16.1119
23.8716
15.7629
41.5609
23.0829
26.8641
12.9651
13.5324
9.58876
55.6386
6.72952
56.8526
10.6064
17.9006
37.7731
24.1169
45.0103
23.7356
45.2886
23.1713
40.0075
22.9165
38.7774
27.6794
32.8041
31.5872
29.0086
25.581
32.1257
24.5576
31.2868
23.7639
33.4932
20.4291
35.0897
26.0206
29.9362
22.502
30.3704
20.9466
36.6025
22.3287
30.2617
13.6427
27.7395
17.2377
24.6601
22.409
40.3554
12.2103
44.6148
13.1988
41.8838
15.1904
39.5038
24.7578
30.6583
26.5167
25.884
25.0378
29.1049
25.7321
27.4942
22.449
29.0506
25.781
26.2971
24.9286
30.3106
24.2857
27.0458
23.5556
29.2284
21.7774
26.0306
24.85
26.0593
26.3105
24.7732
23.9798
25.2987
25.4035
23.9237
24.4106
25.0228
25.2398
24.5481
24.9771
24.706
25.0229
27.7083
24.5979
26.9523
24.061
26.6559
23.9298
27.1468
26.905
24.0516
28.8048
20.8413
33.3441
21.9785
29.984
18.6094
44.8086
16.8426
42.2026
19.1505
49.3001
15.9063
41.4099
18.7035
48.714
16.2322
35.9395
22.8287
35.2481
22.4769
38.9394
18.1242
33.314
19.3442
34.3783
17.5849
32.9667
19.5924
37.2775
15.64
35.1751
14.6223
33.1295
17.4427
35.6042
15.0049
33.5755
14.6802
30.9248
16.9367
28.6719
17.7733
21.9634
19.3189
29.1761
18.6531
25.0487
20.9738
28.3338
22.4147
26.1914
19.6578
21.6746
25.0737
22.0797
14.7631
30.9701
17.9438
26.4992
15.8906
31.0387
15.9491
34.7731
17.8888
36.2204
15.922
33.6176
15.6821
37.2746
17.9845
28.8478
16.8954
28.1857
18.2474
21.6236
21.9337
25.3378
19.7737
22.7909
22.5305
23.8154
20.802
23.7073
18.1976
22.2582
21.5022
23.3659
21.019
20.3937
15.0754
22.4382
18.3104
31.3212
16.4159
30.2292
17.5007
31.4724
17.9458
30.4023
19.4692
31.1006
19.3495
30.6624
17.8687
30.7056
17.5109
33.0401
17.1614
32.14
15.1764
31.8406
15.6514
33.2098
14.1757
34.3977
15.1229
33.5423
16.3252
32.9738
17.1349
33.7505
14.2268
25.1983
21.8128
21.7105
26.9071
20.2096
25.2692
23.4525
23.4172
23.3729
21.2529
27.1845
19.3502
28.2812
18.4251
28.4973
16.1434
28.2899
18.9135
25.2204
21.1862
25.4042
20.2448
26.0715
22.2526
28.0049
18.6431
28.1145
15.4994
32.3616
16.724
27.8452
19.276
25.6212
20.7526
24.8254
21.0313
23.674
20.6162
26.2976
19.4808
24.7877
20.1494
24.4135
19.4354
24.936
18.8607
24.3758
19.2299
24.8833
18.7759
26.3813
19.3223
27.1551
18.8393
26.7262
18.0342
24.2058
19.9401
26.0462
18.2336
27.1867
18.1345
25.9935
19.2844
24.5931
21.0047
20.9205
26.291
22.0679
25.1452
21.8947
22.1009
21.6632
25.1294
20.1476
25.4782
20.7236
23.5395
21.5814
24.6922
22.6572
21.7743
24.2046
21.0888
23.9961
22.0933
26.3005
20.0417
26.547
18.3213
29.4863
17.249
27.8791
13.5391
29.9098
14.2959
33.6144
11.9598
36.1064
16.1888
22.6146
36.3796
18.443
38.2965
17.8106
35.2949
17.3018
36.2142
16.7607
35.902
16.7224
38.7188
15.9108
38.5267
15.019
35.9689
16.6911
35.2545
18.7403
33.4102
18.0466
32.0408
18.1644
30.4354
17.1678
29.5293
20.1585
31.063
17.2254
31.1923
17.7905
31.8911
16.8347
31.2273
16.3425
31.6235
18.4278
30.3298
16.4893
31.5713
15.1075
31.5668
17.8504
28.254
17.8623
27.2298
18.4886
27.4887
20.7597
26.7444
21.1028
25.2889
26.3414
22.0995
27.8688
31.4019
23.4648
26.53
34.2285
21.5093
30.8233
22.6563
31.1905
19.3918
31.041
20.4486
28.499
20.9992
35.1794
19.2177
35.5462
10.1156
42.582
12.1487
50.2401
11.3834
42.657
14.3987
37.5592
14.5494
32.9211
16.9661
31.3307
16.0769
31.721
17.4827
26.8231
22.7537
26.7613
21.779
25.5048
20.9545
25.5686
21.5015
20.9398
23.4001
22.0257
23.9491
21.3954
24.1647
19.8058
29.3209
14.2787
29.7453
16.8943
32.9059
12.4914
33.6811
15.9465
28.5664
16.6923
27.0487
15.8636
27.9368
17.0949
29.3832
15.3189
30.4497
16.3526
32.6333
15.6094
29.4233
17.0892
28.1342
18.3729
28.1625
18.8624
31.106
15.6661
29.0956
15.745
29.5913
15.0318
31.889
13.335
31.7872
12.9548
34.075
11.7737
35.5139
11.0632
34.2352
10.5927
35.7271
10.1619
39.7366
8.02588
39.0112
9.25914
38.5004
7.40471
45.7804
5.96905
41.3259
6.71529
38.2591
8.64038
38.3051
8.28799
42.5471
6.45684
38.8089
6.79334
42.8328
9.66666
35.1217
8.33361
45.785
8.16312
45.9118
6.95691
48.1122
7.91439
46.8306
6.57675
39.2041
4.18353
39.6721
3.75837
47.3335
5.52049
35.1266
7.28942
47.3366
7.80257
46.2674
7.96603
45.7973
11.2502
31.73
21.5147
23.7035
28.139
21.0485
28.7615
18.0601
29.854
18.1303
31.2067
17.0656
29.9784
16.4131
27.3447
19.0436
27.1484
18.6734
26.5101
19.2911
25.4985
19.3004
26.9574
18.5778
24.9525
18.9979
25.0225
18.0136
22.7618
21.261
22.6093
19.9005
21.8563
21.3267
20.7958
21.8793
20.2177
23.9944
19.5745
22.9383
22.4649
22.6256
20.0262
21.7183
23.5356
20.7073
22.663
19.7049
24.7751
23.9147
24.1622
22.4989
23.4853
21.9433
22.4178
23.6235
20.6666
22.5614
23.6957
21.2558
21.0775
22.819
20.1752
22.1445
18.9977
25.5394
20.8405
24.1559
21.4812
20.1434
22.5415
20.1338
23.6167
19.8456
22.5048
18.8688
23.244
20.2139
22.3736
19.8875
22.72
20.2517
23.3848
18.9883
23.684
18.8007
22.7335
18.3271
22.8374
18.5864
24.1558
17.6483
24.4003
18.0387
24.9503
16.3615
27.274
16.5864
25.2127
16.4536
25.7323
16.6638
31.0837
15.1495
27.6129
15.0037
23.9736
15.9658
24.0816
16.1037
26.436
17.0424
24.4111
16.6118
25.202
16.2996
25.3307
15.2859
26.6085
16.4013
27.8406
17.0713
25.709
14.9302
26.4878
16.0694
26.054
15.6253
26.0328
15.4484
27.2006
14.7781
27.8657
14.086
28.5302
14.0481
27.2194
14.2712
27.39
14.3815
26.2572
15.0786
27.535
14.3742
28.0565
14.1846
27.6668
14.2472
26.8325
13.4508
25.1224
16.3014
27.6536
15.4062
31.0376
14.7324
30.1099
13.1009
35.6802
17.8481
34.4751
14.6425
27.932
18.5792
26.0612
19.5751
24.7316
20.1473
24.2242
17.8536
24.4189
17.7156
24.0093
17.2046
22.9038
20.3478
19.7275
22.9522
20.5282
19.1308
26.025
17.2724
23.5851
19.3102
20.1759
20.9124
19.0422
20.9095
21.2097
19.852
24.0876
16.9392
25.8487
16.2099
25.6733
15.1675
23.5778
15.2616
26.001
14.5143
25.7608
15.8968
23.418
14.5212
18.5517
23.3326
18.9204
22.8873
19.9824
20.7437
20.572
20.5253
19.7783
18.9344
22.5088
18.3561
24.4797
16.455
27.4559
16.836
20.9217
19.8856
20.5065
20.0852
19.9425
19.0808
18.2486
22.5396
18.0558
23.7351
16.5373
25.5255
15.1133
24.788
17.33
25.2371
15.189
28.4161
12.4523
30.8608
11.3627
32.4068
10.5628
22.5333
9.59156
31.2087
22.1682
20.2978
29.5638
19.3711
30.9948
15.9659
36.5875
15.908
22.0855
25.0531
20.6065
22.5768
23.007
19.397
26.4098
21.1577
25.069
22.1198
28.7467
19.9112
31.4386
17.2523
32.856
17.0238
32.363
16.6266
32.1345
15.3791
32.9527
14.3763
33.7853
14.3818
33.9406
14.037
33.4896
14.7599
26.9152
17.0752
28.6257
14.9672
28.8235
14.6392
28.6604
14.5324
28.3532
14.3887
29.0467
14.2103
29.177
13.6892
30.6608
13.1744
33.532
12.4107
33.0106
12.0498
35.8291
12.3736
24.0951
15.1706
27.003
14.9542
25.578
14.4544
26.5914
14.8479
25.1837
15.8952
24.9315
15.0251
27.1514
14.1687
28.4424
13.2447
26.6258
13.9648
30.4458
12.2763
28.6428
12.9828
28.173
15.4081
22.6692
19.8862
24.0066
17.6271
18.0454
23.0452
26.1616
20.0435
25.3701
19.6961
24.1651
19.3637
26.8903
20.6044
14.2399
29.8857
15.3073
29.813
14.4694
28.0552
13.8435
25.8883
15.3697
24.3368
13.7791
26.8434
13.9571
26.7789
15.0468
26.8944
15.2719
27.1259
12.7486
26.895
14.4017
27.5353
16.7282
23.2443
22.9982
22.1701
14.4549
26.2031
14.6775
27.6273
14.9981
29.3111
12.7436
30.8355
13.9259
28.8651
21.4517
25.605
22.1899
22.0365
25.4924
16.9296
26.122
18.1522
24.8184
17.1851
27.3211
15.2127
28.4897
17.2961
23.3869
18.9244
22.2837
17.6968
24.6064
16.0925
26.1206
19.4708
22.2238
21.3064
19.824
22.0098
18.5416
22.4414
18.132
24.0022
17.1725
23.8011
16.5851
22.6191
17.435
22.7444
17.0129
24.0571
16.7245
23.91
16.1876
27.4294
14.8784
30.6546
16.4052
24.5065
17.1502
22.4392
17.7715
24.297
15.1741
26.8781
15.6187
26.9487
16.8309
26.4487
17.4182
23.8457
17.2282
24.6519
17.8627
25.2327
15.0194
26.6283
16.9822
26.2045
15.4371
26.2098
15.7088
25.297
14.9625
27.8379
13.1626
30.3171
12.8139
29.2518
12.7372
31.603
11.5038
31.0206
13.8185
35.7315
11.3222
30.4331
12.5136
32.8496
11.4734
30.3429
11.9174
29.7336
12.3304
31.3618
12.163
30.0691
12.4943
31.8365
10.723
30.8795
11.8355
29.3607
13.439
27.1972
14.5253
26.4711
16.0904
26.0451
16.6866
24.8373
17.7293
23.6553
18.1259
23.344
19.8601
21.8018
20.4304
21.2273
21.7641
20.7012
20.2337
22.268
18.0682
21.0129
18.9174
21.4567
20.2969
19.4781
22.7132
18.8558
21.9723
17.8308
24.0655
16.9034
23.3246
17.5331
21.987
16.627
25.2461
15.3068
24.1239
15.7372
25.7586
14.7568
24.2973
16.2731
21.2338
17.4393
18.352
21.2845
19.462
19.5127
20.7563
18.9309
21.2287
19.2715
22.392
18.1914
21.8206
18.5135
22.9944
17.5464
21.727
17.9632
22.0824
18.1528
21.8221
18.9261
21.5301
18.3895
21.5921
18.4496
21.5686
18.4959
22.2917
17.8286
21.875
18.0588
22.6826
17.6166
22.7508
17.3464
23.4929
16.7973
24.3206
16.5284
24.3017
16.1326
25.334
15.6485
24.5458
15.3718
24.9602
15.4875
26.3952
14.3661
26.0909
15.7691
25.3326
17.3134
20.1087
20.8389
21.4074
18.9879
24.1817
20.1433
22.0689
19.3407
21.4836
21.5581
22.3674
18.9143
20.0802
20.3011
25.1921
18.4675
20.5127
18.3951
21.5899
19.2895
19.2333
19.2286
18.3778
20.1391
16.845
21.6009
18.7779
20.8329
18.7436
20.2184
18.2815
21.314
18.3504
20.8123
17.8947
20.8686
16.418
21.8771
16.0237
22.5002
16.1314
22.7597
17.6773
22.4808
14.6727
24.6134
15.4373
22.6623
14.2719
20.8758
16.2125
25.0048
14.2199
21.9272
13.4052
21.8654
17.1934
21.0581
18.0714
22.2814
15.582
23.8819
17.6221
24.0325
14.9947
23.4983
15.1714
23.7348
14.0366
24.9569
13.0319
26.6949
11.0532
28.7891
10.3255
30.1643
10.2716
30.3072
10.4144
28.6444
12.0661
26.8722
13.34
26.592
14.9218
24.8576
14.3334
25.0567
14.4386
24.7439
14.1945
24.1885
13.4758
24.7134
12.7485
23.1477
16.3978
23.99
16.8708
22.42
16.4478
21.2887
16.2642
20.9569
17.9903
19.4909
17.7095
19.5565
20.8909
20.1699
19.0691
18.3788
19.5862
18.4062
19.1377
18.7706
19.8382
17.9674
18.7576
17.5541
18.8617
18.2926
19.4684
20.7725
16.6419
20.432
17.9095
16.9745
25.3591
15.5402
28.1662
18.7683
27.0415
20.6679
16.6156
21.5727
22.766
19.5519
23.5809
18.6064
23.6144
12.8519
29.3247
16.2525
32.9604
13.7725
53.5197
5.2844
17.4115
18.1207
21.3292
23.1458
26.9096
19.4735
34.3254
16.5676
49.2781
11.9038
49.5782
10.4123
50.3484
8.72594
45.7897
8.91985
44.0633
9.40566
44.3235
5.08066
47.0354
15.863
36.8984
14.84
35.9982
15.1433
34.5967
11.1519
33.5906
14.2867
34.4845
13.3497
32.4489
12.6911
31.8088
13.1405
35.5588
13.104
38.0267
11.7085
33.7015
12.9363
31.0676
13.7695
33.8936
13.1629
31.1716
10.4867
23.9572
12.6705
31.1474
13.7298
20.6876
16.0659
24.5198
18.2302
25.2197
15.8011
28.2432
7.10745
17.5966
21.5999
8.55084
8.59535
9.54433
13.2203
20.9922
21.5202
21.9611
21.7562
20.5931
23.8901
21.1659
21.6656
23.1985
22.5092
21.5349
23.795
20.393
22.9638
20.8785
23.2232
19.6508
23.7823
19.8122
24.1201
20.8063
23.4281
20.92
21.174
21.8671
19.4891
22.9568
18.637
23.7266
18.4463
23.5112
19.4563
23.6362
18.8032
23.2268
18.245
22.1491
18.1681
21.8653
18.5461
21.4414
18.9
20.6591
20.6537
20.2492
20.8131
20.5024
19.8369
20.0041
20.5372
18.5986
22.6033
18.0279
22.741
17.0199
22.3824
17.5199
22.3011
16.3623
24.0937
16.9499
24.0239
17.9687
23.4399
20.2778
20.8062
19.3175
22.8165
16.0758
23.6347
17.1201
28.2897
15.8841
27.3387
13.7021
32.6598
16.9685
32.9973
12.4113
34.9858
13.187
25.5018
14.6875
25.0678
15.0886
20.9478
19.4821
19.7311
21.1314
21.6442
19.6086
19.1452
24.8386
17.8231
23.1577
20.9076
22.5532
18.4514
24.1499
17.5847
25.2865
17.1051
24.6717
16.5296
24.0455
15.7032
21.1689
16.4534
25.5874
15.8154
21.7834
16.3471
20.174
15.5283
21.1731
16.9728
22.95
15.3975
21.877
15.8715
25.7434
13.2487
26.4534
13.3495
24.0869
15.5717
24.6568
13.7707
27.7614
13.0126
27.1456
13.7707
26.6346
13.2537
26.8832
13.0126
28.5558
14.2489
26.1794
13.5128
24.8159
15.0336
26.2728
13.9993
26.9404
13.6803
25.3565
16.3224
25.2701
16.0157
24.9985
16.9117
23.9405
19.2081
22.7444
21.0232
21.6564
20.7197
22.8272
22.2377
21.3776
23.5858
19.6928
24.236
20.4996
19.0092
23.5047
19.1247
17.5492
26.3625
17.4735
21.4643
18.65
18.4158
24.201
16.5145
25.4793
20.3332
23.5701
15.2298
27.5601
13.5908
27.8071
11.4417
27.9076
11.557
34.029
12.3468
28.7476
14.2764
32.7951
13.6805
30.4834
12.6615
23.7827
16.826
24.0057
15.9604
20.6329
13.2118
27.3667
12.8302
20.7578
12.9935
29.1049
11.5062
26.5506
14.3955
23.4281
13.6335
24.8476
11.2566
23.9645
13.6198
24.1941
16.5259
23.5026
14.6766
15.6247
7.31249
8.42264
2.698
27.3011
22.6885
16.3263
30.7005
15.1297
28.6021
15.1892
25.895
16.2992
25.6741
23.842
21.9505
19.6609
25.7958
19.0736
28.8828
15.6303
29.2501
15.4512
30.0129
18.419
28.724
16.651
21.3568
18.168
37.9319
19.5439
29.7427
22.2117
23.7594
23.6136
22.823
26.4524
17.8161
26.0488
17.8172
29.6371
15.3122
27.3594
16.4452
25.4834
19.0069
25.2812
18.2055
24.615
19.1659
22.3618
21.2256
20.045
25.312
20.383
22.5625
19.9753
22.7509
20.6593
24.4054
19.5075
22.6018
21.9041
22.0633
19.8513
22.4688
22.8314
22.2311
20.5328
24.2532
21.1429
23.6913
17.9612
25.1595
17.2802
28.2964
17.6353
24.337
17.8184
24.7352
18.2601
24.3428
20.4064
25.5557
17.6614
25.4724
18.5797
17.6237
21.5422
23.3937
20.5079
18.5813
21.3404
21.0349
20.1213
21.3375
20.3211
23.6353
20.7772
21.8335
22.4086
18.8538
21.7512
19.2646
19.5933
21.6328
20.4584
22.7645
20.7822
22.9003
20.9628
23.5507
20.8431
23.2685
21.161
23.3679
22.3866
20.9885
21.5186
22.0852
22.868
20.6623
22.3165
21.776
22.4894
20.2099
19.6765
22.0104
20.6322
21.215
20.9025
20.5389
20.9944
21.1646
23.0115
15.9193
20.6699
17.2919
23.5442
14.8557
19.384
18.8343
21.9127
21.1036
21.359
18.7255
20.1833
19.9356
16.9995
24.6258
18.6502
32.7017
13.7905
36.106
18.7579
21.7589
26.5816
17.7029
24.5153
19.1289
23.3882
19.0276
20.7045
21.6929
20.6171
22.3833
18.6871
23.909
20.9437
20.2305
20.133
21.5423
18.4217
31.3806
14.0229
23.4578
18.1247
28.7474
16.1973
26.7341
21.9208
32.1987
16.0736
28.1036
25.5369
15.5158
24.0993
15.1609
30.5739
20.2533
23.7524
26.6165
13.9788
37.3637
16.9059
15.3217
29.8254
19.4961
26.4764
15.0767
23.7668
17.1225
26.0607
14.3111
29.5156
11.3102
43.9729
15.6993
16.3851
28.2189
25.4242
61.3719
18.5734
33.3584
17.3577
43.2678
18.2435
39.5036
17.6932
40.4133
17.0617
28.1044
13.1188
36.7102
11.8515
41.9798
16.4974
29.3216
46.6219
18.2412
27.3706
23.6444
22.0169
23.6531
15.9214
30.3305
20.3236
24.4769
37.0982
11.876
36.4023
12.0219
30.8074
9.59585
36.729
9.82255
21.8349
17.2469
34.7597
19.5615
26.5372
30.5483
23.679
43.7337
21.2432
32.8787
30.4
9.99016
26.3392
48.6651
14.4651
36.6258
16.0973
28.1063
17.3481
29.9201
14.588
30.833
15.7882
25.4605
18.1323
27.9028
14.5841
37.9194
20.0807
18.9353
20.4224
19.3459
14.801
26.6921
13.8774
25.9356
13.0905
67.3732
15.8993
38.2692
20.1996
34.6451
18.5422
33.8434
16.8519
34.9313
14.3268
36.2864
12.9701
49.3221
18.793
37.3032
22.298
49.135
24.1196
27.9805
27.1141
24.8736
26.7787
24.9156
22.834
30.7328
22.7631
19.7514
26.5619
19.136
29.6811
22.7648
28
15.453
29.7754
24.6344
28.1583
16.2201
28.6139
15.9971
25.9977
24.1236
21.8254
34.6511
14.9018
42.0218
11.7745
23.5337
13.8514
28.3612
15.5367
22.8076
25.2239
17.785
28.6558
19.2453
21.4667
23.0036
23.6808
23.7073
19.5075
22.2678
19.0824
35.2965
17.8832
37.1307
17.8034
39.2556
14.3872
33.3036
12.1871
29.162
10.809
25.0123
12.0094
55.3641
11.8586
47.9725
12.2393
44.5046
12.1769
43.7251
10.9015
44.8767
9.84068
35.8347
13.3755
39.2551
15.3489
38.0601
14.2449
40.4816
13.3731
37.8545
14.3251
38.6235
13.8913
38.6421
12.5107
37.9115
12.6688
41.2286
13.0092
37.3433
13.741
35.6565
14.2498
39.1228
14.3257
37.6568
13.4327
22.5703
20.709
28.9106
16.3537
34.6967
15.7494
32.8757
16.9886
34.6409
11.4232
39.2125
11.8822
43.2866
14.6412
41.7315
18.0268
27.3451
26.2545
28.1864
24.3932
26.5169
32.4791
24.3112
33.1496
22.4201
33.2586
20.1882
30.0438
24.3998
30.9705
21.9851
24.4886
25.3126
27.7499
22.1432
27.7607
24.7784
24.7069
26.6527
23.5678
24.4955
25.1382
26.6494
24.0352
24.3175
26.6194
27.2671
24.2447
27.0725
25.7965
24.0785
28.1662
22.6337
26.6912
20.3797
28.3799
18.8549
30.4031
18.2585
34.4722
18.0125
33.3916
17.9951
31.4538
17.3618
22.5673
23.9602
22.4767
24.4148
21.735
23.8776
21.9781
22.772
17.1165
31.4652
17.3023
27.7498
17.3818
25.6702
15.9514
29.8791
16.7227
26.4496
16.2593
25.3319
19.9725
25.1486
23.7596
26.0268
26.448
23.8545
25.5828
23.9436
27.9689
21.1347
27.0484
16.317
27.0001
20.9775
25.4207
20.3859
22.4983
19.7014
17.7056
21.3656
21.6919
16.0031
25.3103
15.5713
23.9146
17.6161
23.4608
15.1921
24.3451
13.2354
25.1984
16.7191
23.5283
11.0907
26.5979
11.8524
29.0954
9.93681
12.5069
31.5371
21.8179
32.7355
22.3713
30.9177
21.265
28.223
18.9803
28.6016
19.3268
20.1643
21.1309
15.5554
20.429
19.2924
25.8933
17.4446
33.921
14.3827
38.2975
24.0679
25.2677
27.0287
26.5944
24.8934
24.4782
21.4076
24.8298
18.9362
28.7479
27.3617
25.9344
26.252
21.6007
23.2558
20.3829
31.4889
22.33
15.9924
25.0301
16.3753
31.8308
19.5412
30.4444
19.0135
29.9412
22.5999
27.949
22.0889
22.9575
27.2501
23.024
29.3423
22.1518
31.6797
19.3084
28.8268
17.9678
28.6036
17.9032
27.8263
17.7693
16.0381
22.0557
18.4643
22.2214
16.4246
25.1224
13.4
23.3904
13.4018
20.1678
11.3233
34.0173
17.4924
39.4567
10.4018
38.1198
11.0312
41.5301
10.2125
34.9079
13.4399
37.6816
12.5346
39.5251
12.9597
35.2728
12.2438
34.0258
12.7427
29.2659
16.3397
26.9339
16.6213
22.8476
18.0321
16.9328
12.5977
15.3699
13.6068
16.9057
8.66501
14.4943
7.12759
15.3061
7.65878
12.3928
7.48435
26.0545
15.4882
17.8878
20.0558
11.2153
16.1932
9.71118
33.6145
21.4673
27.2737
28.1016
26.6585
26.943
25.4736
29.2819
23.3608
31.1461
24.1184
28.7436
17.2926
41.3034
16.0307
37.4233
14.5997
31.7254
15.3957
39.4976
12.3331
39.2768
11.3279
42.9158
12.5028
42.0201
15.8158
41.4047
15.0567
39.866
14.9892
42.7722
13.8557
38.7318
16.6016
40.0746
15.7943
35.0156
17.3203
39.5759
15.4354
39.6361
14.379
36.1823
14.9511
35.3626
17.3889
35.3695
18.6941
31.9472
13.7603
27.6121
14.8239
28.6897
14.9488
24.9562
14.6864
34.4193
11.8156
39.1809
11.4058
37.5485
11.431
43.9631
13.5293
42.1793
14.8509
44.2419
12.0599
44.0687
12.4279
42.8035
12.4137
44.8689
12.2886
41.7697
12.7824
41.6614
13.0255
41.1346
12.5429
41.1446
13.742
39.3669
13.9426
38.2643
14.3329
38.8374
14.7109
34.7623
15.0191
32.5939
15.0032
27.652
17.4142
31.0859
17.5551
34.9313
12.4843
39.2647
11.9163
38.8625
11.5461
26.952
18.6323
33.7525
19.0306
35.4196
16.7576
36.5909
16.5206
37.642
15.7297
34.2073
16.6479
37.6928
13.1598
42.3682
15.3273
26.2333
14.1699
34.5866
14.3333
32.9016
15.6305
32.0924
15.5347
29.0461
17.3913
29.8778
14.372
32.4997
10.9261
40.8581
10.5558
37.2675
8.89065
24.9952
8.44306
16.1981
15.7527
12.7937
18.1839
13.679
21.8676
23.989
21.1961
20.1095
21.5978
20.3782
19.0969
21.0533
20.4282
23.7085
18.9203
25.2969
17.1351
26.2967
15.1956
28.6718
14.7652
26.9025
15.9284
30.7369
14.4098
19.4999
17.9741
25.5821
21.0472
23.3774
20.7115
20.7135
25.6453
23.6618
24.568
23.2266
25.0765
23.9164
22.7148
26.7658
21.0061
26.9831
17.2456
28.0038
17.5645
27.395
16.6926
23.8428
20.4272
21.9281
21.3458
20.4141
24.5004
23.0695
24.6509
19.0185
27.2287
19.4802
26.9761
18.6118
22.1874
21.7124
21.5842
21.0921
16.158
14.5109
10.6694
26.8765
16.7107
29.3009
17.8477
26.4588
15.615
21.1223
13.9937
25.7341
18.9377
25.1259
16.5262
19.329
17.899
24.4755
20.8495
18.4555
23.027
16.3916
25.035
18.2517
24.838
16.366
31.3814
15.8456
28.74
17.4842
29.2436
15.002
28.0962
15.9607
28.3153
16.5015
22.8588
19.9046
25.3039
19.6132
19.4366
27.3586
21.2083
20.4971
24.9456
23.2051
19.6913
26.8318
18.3589
26.2793
19.8127
28.5509
15.8689
28.5142
15.374
27.1487
19.4393
24.4713
21.2523
20.1555
21.6873
21.2878
18.1324
27.6653
14.6482
26.435
16.9541
28.6086
18.0828
27.3261
17.7072
28.1185
17.7833
25.5924
17.5827
28.2874
16.4681
28.0986
16.8125
26.9524
17.7959
26.7399
15.6056
27.374
17.2611
26.1289
16.2583
25.8135
17.725
25.2668
15.9597
29.5084
16.1744
26.9823
16.9879
28.3169
16.7265
26.8175
16.5975
23.561
16.1692
19.3593
10.8499
17.2181
11.5966
15.3581
11.805
19.1047
14.3132
19.3322
8.09793
27.0716
10.3836
32.8781
10.7333
38.2148
9.39288
40.676
14.2989
26.0637
19.2193
20.8944
20.6646
20.6202
21.5419
23.9481
17.8913
29.6034
17.5799
29.6398
18.0681
14.3289
22.8004
16.8145
17.0177
17.164
17.7549
23.4472
12.4627
23.6984
12.6576
29.5371
17.8297
28.5426
15.7015
29.4887
14.9499
30.5049
14.2233
29.8167
12.2563
36.0987
9.92351
36.3909
9.66382
31.559
13.4899
31.932
12.7068
32.7499
12.7064
32.4985
13.2442
29.5972
12.0787
32.1548
13.4197
30.9324
12.7565
30.4175
13.3434
29.2637
13.9829
27.8516
15.2014
27.4874
15.4586
28.8427
15.7849
27.8671
16.1228
26.8223
15.7155
27.1057
16.4898
27.3403
15.2441
26.8919
14.6599
26.9613
15.1895
26.6971
13.5029
29.2352
12.1745
23.2853
18.9508
28.6018
18.1895
28.3445
16.1583
28.4631
17.1363
27.1536
17.5316
26.4721
17.6526
27.0057
15.0329
28.5383
15.5882
28.4869
14.4055
28.7338
14.8034
28.6183
12.2994
30.228
13.7415
29.192
14.3144
28.4604
15.1916
26.1687
18.17
21.5491
13.4902
26.576
14.752
25.6477
13.2793
28.8182
17.9214
23.6659
14.8643
29.7163
15.8068
25.2938
15.768
28.1819
16.9391
26.826
17.3655
26.7615
15.9544
26.4271
15.7426
26.6838
16.8486
25.3991
18.2246
25.5458
18.3653
24.1861
18.791
24.7682
18.4948
24.2473
19.1598
23.8904
19.3274
24.7424
19.8752
24.2763
19.1919
24.2264
18.9808
22.7427
20.576
23.1131
19.3297
24.3697
19.607
22.4443
20.4678
23.5413
19.474
23.4052
19.9845
23.6322
20.2311
19.9223
19.8212
19.5546
19.5883
20.9882
20.6384
22.1092
20.1605
23.1716
19.5862
23.0216
19.5984
23.577
19.3566
23.9937
18.8932
20.8814
19.7366
24.5838
22.0109
22.1114
22.75
21.034
21.1911
22.9917
21.4415
23.594
21.5197
23.5664
21.137
23.2592
20.9501
23.4487
20.1542
22.4252
21.4305
21.4863
21.1406
21.2166
20.4483
20.4463
20.6266
19.8489
25.4661
20.4616
24.2241
19.185
23.3785
19.1588
21.3081
19.5965
21.7134
22.5171
21.8027
20.8855
23.2172
19.1562
21.5519
21.7998
23.7153
19.5252
23.6012
20.0429
23.9413
18.6559
24.0587
17.7523
24.5819
19.5691
25.7203
19.7268
25.4996
20.0113
25.219
18.6444
26.6796
18.1698
23.8046
19.3884
26.7623
19.0709
25.6888
18.6035
25.0246
20.7862
25.3583
19.5357
23.0543
16.3625
22.8913
19.6786
25.4395
19.2888
25.1177
19.2229
24.6227
18.6885
25.3995
18.5766
25.9531
18.6461
24.1051
19.5877
24.6894
18.8349
24.64
18.2095
25.2478
18.5763
24.3769
17.2935
24.177
15.8226
27.4484
18.2927
23.8039
16.7621
21.2664
18.2868
21.4345
18.3284
19.5855
23.9225
20.6803
19.1878
18.5173
23.0767
22.5183
22.61
20.6752
24.2979
19.1724
24.0919
19.4139
24.1968
19.3456
23.1357
21.0218
19.8985
23.8892
22.0084
22.6284
22.6351
22.2748
23.3297
22.1816
23.421
21.6417
23.4834
21.902
22.085
21.7944
23.094
21.5073
21.9028
22.797
21.645
22.7828
22.2062
22.8154
17.5674
19.9802
22.3755
23.7913
23.198
23.3075
20.9625
25.479
22.0251
22.7021
18.6268
19.5921
23.5523
21.4168
24.0087
21.867
20.9166
23.6853
21.8232
23.3662
19.8258
25.6334
20.8278
18.5432
21.3072
24.5453
22.7337
24.1142
21.261
24.9984
18.575
23.6061
18.4529
23.2305
14.7993
66.6654
13.6959
69.2444
11.9838
72.1408
11.5602
51.0288
11.7988
48.87
11.8001
41.5334
12.137
39.8354
15.0899
33.8316
13.1003
66.5328
14.0184
69.0503
13.8394
68.0699
13.8899
62.9205
14.4395
57.79
17.6985
57.8098
16.7383
59.0387
14.9663
54.745
16.0551
57.4502
15.0492
58.2754
15.2607
54.2869
15.5858
49.5185
14.9285
54.6799
17.8245
39.4903
19.6522
40.594
16.0676
38.1659
19.8152
39.8534
17.0316
36.3443
15.9468
39.5531
14.5207
37.305
13.0447
35.3481
9.39541
40.9434
11.1703
43.5228
11.9641
37.9658
8.67021
32.4049
8.41733
26.1403
7.70401
8.79512
13.3476
38.4795
11.6994
34.5526
10.15
34.2872
12.9848
31.5185
16.4457
30.1369
14.9045
32.7492
14.2754
29.8068
12.9688
31.314
13.057
32.0574
11.2476
29.2431
13.4253
30.0384
15.2121
30.3005
14.3903
30.008
13.2277
30.1764
12.0281
32.9116
9.64051
30.133
11.6789
29.9914
13.2358
29.6717
12.5175
28.1919
13.3297
26.8091
13.9481
27.9941
15.783
28.4504
15.2908
27.8892
17.2255
27.7728
16.1987
26.5234
15.4049
27.7227
13.7759
26.2521
15.9627
26.8576
15.7125
27.1573
14.4359
26.9088
12.8257
26.7791
16.4735
26.4614
15.0575
27.0924
16.508
24.888
17.3648
24.0451
17.7297
23.9676
17.8165
23.6096
17.4506
23.8165
17.9341
22.954
18.1882
23.2922
18.8742
23.8688
16.4469
19.112
14.6143
21.5496
18.3788
22.3268
15.6797
22.7895
17.5203
22.274
20.1552
23.3153
18.5012
20.5
17.2059
20.2207
16.9638
22.3332
19.1828
25.4423
17.8371
20.6347
15.5395
19.6853
22.016
19.7748
21.8134
20.2366
19.5418
21.0795
22.1691
21.6531
23.0699
20.4013
21.9131
19.0192
23.3093
17.8097
19.0044
20.3366
23.7594
18.3995
24.459
18.0981
25.5031
16.9331
22.085
18.9046
23.6337
17.9621
22.3816
19.7238
19.1135
19.198
21.7739
18.5572
15.0509
21.2792
13.4563
30.2738
13.2262
30.2322
11.9051
20.2996
20.9168
19.2115
23.6985
16.52
24.547
16.8993
22.2518
18.0236
21.1437
17.6641
20.7549
19.433
15.6896
20.9406
16.5035
17.8356
20.7485
17.4089
21.4384
17.1162
20.8057
19.2205
17.7072
20.5396
18.6779
18.2963
20.2841
18.3128
18.3127
17.7394
19.207
18.5503
18.5049
17.1878
19.1616
17.9395
18.6039
19.1845
18.2098
18.1781
19.172
19.8039
15.852
17.889
20.0343
18.2198
18.39
17.0211
20.1916
17.4011
21.0475
19.1832
18.321
18.9295
18.2496
18.0792
18.5812
16.9338
21.9936
18.236
22.0969
21.4028
19.7676
20.2802
20.0074
21.0819
16.958
21.784
16.8124
22.5418
14.6712
21.12
16.1355
21.8886
15.493
21.9602
13.0763
24.3437
11.4321
22.3089
16.9371
21.4199
15.9785
22.4863
15.6771
22.7278
13.1553
24.5464
12.3378
26.4242
10.3935
27.3858
10.1249
21.835
16.1488
20.1253
12.9867
25.3048
8.52707
21.8203
12.5811
22.2965
12.7611
14.7882
17.6666
22.429
16.755
23.2276
13.7813
22.7949
12.378
28.3332
13.7238
24.2926
14.3469
15.5158
16.5506
18.8971
19.2437
18.9556
17.1149
26.0842
11.4336
24.8932
8.77561
31.1561
10.0456
25.7657
19.483
26.8804
14.566
22.8574
15.0357
19.3111
19.0189
12.8532
15.9459
23.2559
14.9966
25.2023
11.4629
18.6794
13.6223
21.3022
13.4437
13.1047
20.6747
17.0567
16.096
16.5797
14.0305
15.4741
16.9633
12.9559
22.8341
15.8482
17.6343
15.5537
17.5368
11.6776
14.2982
13.3571
17.2523
13.1807
17.2016
12.9144
17.0355
12.637
17.5957
12.5736
15.9426
11.0444
16.7756
12.7842
17.7145
12.8345
16.8998
13.3066
14.0752
14.6712
13.1761
13.3145
13.9048
13.7999
14.1148
14.71
14.3406
15.9196
14.0716
14.3898
11.6405
14.4116
11.6556
14.741
12.4641
15.1531
12.6473
14.4738
11.7756
13.124
10.9164
16.9814
10.5018
15.7848
19.896
16.247
16.5593
15.7325
13.3826
15.1581
10.8012
18.607
13.7686
16.2346
14.3403
15.3078
15.4281
15.1415
13.2942
15.6079
13.762
14.7689
14.7845
14.7901
17.41
14.2677
15.4422
14.9611
12.1264
19.3841
8.75877
22.7349
13.1938
14.6069
17.7037
20.3932
15.5539
23.5397
12.3417
21.4333
17.6968
19.6642
12.7096
26.9345
5.92351
26.1722
14.5072
21.489
13.0103
25.0162
13.8071
23.2964
16.7316
16.957
16.9113
18.5896
11.1434
22.0648
9.05651
22.4876
5.93738
19.4006
16.0707
18.8651
15.2726
16.4829
22.9152
9.90768
18.9705
9.62471
14.6571
8.73211
18.3175
15.1111
13.5909
7.71572
26.9594
9.67382
28.5185
7.98854
27.9973
9.08971
24.8591
11.0613
22.3606
12.2274
20.4501
13.581
20.7055
10.5751
21.8758
10.9377
20.5123
10.5396
21.8584
13.5455
14.0072
19.7142
14.5512
16.1473
18.3514
15.7992
12.6554
21.1411
14.1257
18.6008
14.1053
17.6321
11.5181
16.573
9.52607
15.2214
19.1881
21.3411
14.2825
22.7466
11.7525
20.1822
16.0898
19.3775
13.472
20.7882
12.5498
21.5529
10.5789
20.0134
12.1959
19.8509
9.80974
19.5538
10.5243
16.0456
8.49105
12.007
13.0063
8.92709
7.91532
23.6405
8.8728
6.5749
29.3197
7.69137
28.5615
7.47099
30.4099
6.6492
24.1811
12.4546
22.1439
11.7926
9.08113
22.6657
13.559
20.5692
13.7435
12.1069
19.3155
13.496
12.4018
12.3555
13.8242
16.9906
8.11282
15.2844
7.20788
4.63724
14.2261
13.7432
11.582
17.0547
12.4174
17.1102
15.0927
10.0209
6.63829
15.5328
8.78573
8.92931
9.41937
13.5469
15.6381
9.83324
12.3451
17.0083
11.1976
7.45296
23.1241
7.83703
19.6871
9.96215
16.2506
12.3363
13.8566
12.4078
17.7472
20.667
15.6874
21.1511
9.25632
22.9222
8.75849
20.0967
11.0792
19.5495
13.8968
15.9013
16.7227
13.2815
21.3134
15.7032
20.8629
15.8642
18.9442
15.645
19.6377
14.2362
19.6045
18.2299
17.7508
17.2386
19.1141
16.0774
17.8238
17.8222
13.6552
21.5055
14.4512
17.0557
16.4544
21.7
14.0632
18.6961
15.2076
20.022
17.8069
17.6918
20.2941
17.8667
21.0309
16.1404
21.9954
15.026
25.3235
11.9502
24.7778
12.9333
17.1684
18.0439
17.0243
19.379
15.8048
19.6293
14.5129
21.3159
13.0843
20.4249
13.6186
21.8204
13.0767
20.014
14.6886
19.2374
15.1737
17.7487
17.9458
18.4745
17.2858
17.7503
18.4015
17.1865
19.1738
17.0172
16.7355
15.9246
22.0087
15.9428
21.8348
15.3289
21.1002
17.0362
17.5879
17.5539
17.3335
18.9908
13.2356
23.4568
12.0861
21.3817
13.1843
20.8595
12.4069
19.9789
14.4755
20.832
14.7504
17.8439
16.5079
25.3256
12.3374
23.3126
12.0373
24.6056
10.6042
21.8509
10.5594
22.5501
10.9532
24.3295
8.58555
24.6155
11.2676
24.3679
10.2694
15.4305
19.5306
12.5784
22.086
8.38273
24.4605
8.47406
25.464
10.1139
23.3914
9.4921
19.7473
15.3157
24.7473
16.5341
22.5171
15.9517
20.6751
16.0726
19.6005
15.7788
17.8937
16.528
17.5277
15.8571
18.3185
16.9083
18.2359
15.8193
18.32
13.0897
20.0257
12.9697
20.0847
12.4675
22.2899
12.0239
23.3385
10.7389
22.5379
11.5575
19.6941
12.1634
16.3298
19.7975
16.638
17.1518
18.0272
15.1246
19.2908
13.7463
18.6115
15.5136
17.5978
16.0653
14.6341
16.8976
14.9965
12.1964
21.1797
16.6722
14.2665
19.6624
13.8636
17.5927
14.6534
12.4053
18.2178
12.9113
21.347
12.7945
14.1439
12.3996
16.5346
12.7789
17.8996
10.3329
25.4357
12.2524
22.0481
11.932
22.8019
10.0813
21.5784
4.83243
26.357
6.93675
27.4207
6.92331
25.348
6.29657
22.69
6.66417
22.6646
6.40944
24.6572
9.62131
21.7218
10.9893
18.8952
10.3803
16.4602
9.83765
15.9261
10.1569
17.7571
9.48646
13.6353
9.30827
9.74906
12.5017
13.4178
16.4603
13.2687
17.9644
14.2226
8.63661
22.4922
8.18701
17.234
10.8532
17.5131
9.8211
16.0816
10.7635
15.2081
9.85947
16.5641
11.1436
16.3895
6.90812
16.6467
8.42274
19.9466
9.52161
19.3939
9.0569
17.4785
11.9357
16.6155
10.2465
16.4329
9.61445
17.8283
9.02079
16.8715
9.52306
15.7323
8.50254
14.8342
8.87822
14.9369
12.051
13.5121
14.7587
14.1343
17.6224
9.15351
20.791
9.61617
22.4166
7.13195
38.2736
7.6535
14.1758
6.32958
8.30037
3.94418
27.2893
13.6095
21.9925
15.6575
19.984
13.2444
29.2505
7.54147
22.5342
7.65255
20.5272
7.97485
20.4707
6.80184
21.8806
5.09078
21.3878
4.22001
28.4203
6.97866
12.2018
15.6764
13.5137
17.6778
18.7295
16.9315
15.3414
19.2132
13.8342
16.9781
11.5146
19.7288
11.7711
14.6257
14.6757
11.519
12.9851
10.6315
10.3669
18.8613
13.1875
7.39518
15.6949
7.22642
29.8355
9.87059
25.933
10.1401
20.6205
15.6711
20.3749
10.9089
19.6323
15.9417
18.7272
10.6835
23.3286
6.16375
22.4148
3.43251
20.7295
3.31431
16.4757
5.95386
12.7044
3.6926
19.3711
12.3139
21.2317
19.3397
19.5674
19.4008
17.3267
12.1868
24.2612
11.8613
23.5681
12.7495
21.7595
12.5814
22.1987
14.3052
22.4665
13.8172
20.6399
12.0636
24.271
12.4287
22.6077
13.7281
15.5098
25.2863
14.3546
14.6771
15.4054
20.8676
16.2112
17.0209
20.0453
15.4427
21.0112
15.6191
19.4871
16.1987
17.4439
19.2953
17.2695
19.1682
16.2154
19.7711
17.0804
18.4749
15.5131
20.0906
15.9008
20.5093
17.0379
19.405
16.2792
20.2951
15.6806
18.9321
14.4184
21.6675
14.0458
17.2438
18.3462
19.1232
17.802
15.6262
19.0685
15.0514
18.3856
16.6096
12.9072
23.2035
10.9475
21.6362
10.0044
26.8124
9.03145
17.2181
15.12
20.4908
14.4804
20.8916
11.3451
24.682
11.5209
23.6053
12.3638
28.7962
13.3102
26.9841
19.4343
16.3852
24.6166
13.4025
23.2874
14.6747
19.8108
10.6331
22.0117
14.2534
19.684
15.8487
17.1117
17.4558
17.5453
15.3443
17.3754
17.2472
24.9074
18.0523
21.7728
14.2249
22.7465
15.8596
20.6654
13.9532
15.996
15.6185
12.2463
14.7969
12.3638
18.8621
13.2075
14.5819
15.4283
13.5652
15.5034
12.651
18.301
9.65267
18.3815
10.6011
18.804
13.4814
15.6016
8.45403
18.6062
8.82054
18.9929
6.82036
14.0453
10.696
16.4537
5.33544
22.5603
3.88255
8.26332
15.878
19.3385
14.7161
13.124
19.147
12.3744
18.695
13.2628
17.7094
11.0049
20.3794
10.964
14.5944
11.6968
16.8689
17.8622
14.4797
11.624
15.4687
12.8455
9.94989
3.11387
20.1553
15.5569
15.018
9.92829
18.6874
7.54375
17.0093
9.62505
14.5783
13.1774
16.7567
18.9817
14.4222
20.1206
10.1286
20.379
18.5581
15.5383
19.2549
14.4275
21.6825
12.3012
24.7512
10.9301
24.0651
12.5866
25.7365
12.2799
11.9342
14.5731
20.0055
16.0692
19.4334
15.4555
19.487
15.5171
19.0494
15.9704
18.6326
16.142
18.7125
16.1726
18.2194
16.6466
17.5401
15.4825
18.6056
15.7211
16.9132
14.6142
11.8951
13.6328
11.5511
21.717
10.7565
16.4203
10.7824
16.7658
16.8399
15.0704
12.9339
13.7757
10.8111
17.4084
7.24914
21.0201
8.60727
20.1212
11.2399
18.0755
12.262
19.0862
10.7072
18.3544
8.22276
18.3037
7.73025
19.0004
6.90501
19.0071
5.71359
18.3363
8.44835
20.6542
5.66382
19.8536
5.11685
22.8549
4.94712
10.0947
25.8889
9.40246
23.5818
10.0876
19.0793
9.56135
8.59699
13.6604
13.4617
9.46841
14.9278
11.499
15.9289
15.2228
8.18415
14.9365
4.66955
19.731
8.16927
22.6064
47.3717
8.40146
54.4278
7.15891
8.24741
9.66505
4.37849
4.73052
4.28038
24.2626
9.83071
23.8751
9.94292
18.321
9.65965
9.53098
6.50403
17.3403
9.49076
17.7289
9.04568
19.679
6.53331
35.0919
4.0201
33.4437
3.6126
25.2012
5.60414
25.6848
5.52568
17.5508
10.7826
20.1203
7.44139
22.0136
3.05927
14.7525
16.9296
14.1656
16.636
16.4567
18.0441
15.9199
14.859
14.5719
13.6613
17.1253
6.93521
24.3585
8.19649
13.2889
13.5003
14.8859
3.55196
18.8284
6.31725
23.2301
4.46484
22.5999
4.50598
22.3429
4.79045
23.0902
4.90245
22.2301
5.05707
17.2929
8.07462
20.089
6.26805
18.4715
10.2355
17.8638
7.09599
20.6026
9.65258
25.7326
7.51762
14.9507
12.4606
20.4778
8.39305
19.7181
8.16581
19.1603
13.8792
19.6536
6.34991
19.7201
10.2958
18.9661
7.1474
17.3535
12.5573
16.3049
9.15473
16.3291
8.56189
16.5635
16.7544
14.7961
9.95052
15.6212
10.4344
17.6393
10.3377
19.7248
12.2645
15.3145
13.1966
16.3171
11.5101
15.7209
13.582
13.1603
10.995
14.2908
15.201
13.91
17.0631
15.7131
11.1306
7.0862
8.35321
7.54749
9.5762
10.5085
7.41511
14.0667
10.0911
12.0406
12.2952
15.7538
8.7782
19.3239
9.2708
23.2064
7.30607
28.1481
5.92428
28.0817
7.00857
24.7949
6.41949
22.2191
9.02269
20.4753
5.76958
19.6783
5.88419
24.976
7.94244
22.2753
7.89052
18.5764
9.67786
14.0461
10.14
16.7381
9.92735
18.6473
9.71197
13.4984
15.0231
6.47465
20.0301
5.88894
17.7485
6.84582
21.6478
5.6846
16.4734
9.8496
9.10012
6.25112
36.5385
7.79329
11.1398
15.1907
10.4215
9.67794
15.4253
8.32946
14.4065
11.8522
7.03427
14.6531
11.5799
13.7884
13.5419
14.1941
8.69593
12.4748
11.6042
8.41817
15.4505
6.5187
15.3885
5.27529
17.9833
7.80524
10.5954
5.43303
5.75737
4.04535
20.5447
5.93741
4.84299
4.01763
5.00278
2.88716
4.75523
1.66945
5.15529
14.1171
19.9071
16.8948
15.5919
15.1011
17.1778
13.6225
16.919
13.5094
18.1084
15.4931
15.0449
14.6037
13.1141
18.9982
14.9371
12.2978
18.1275
14.2231
15.6387
10.2195
21.2355
14.7537
16.0851
6.13058
7.5002
13.6852
17.4313
15.694
20.8531
11.5777
22.7159
12.5132
22.522
14.1014
9.03176
21.4304
10.7648
17.4244
12.2948
16.5114
18.3599
6.01347
20.5066
8.21967
23.3763
6.64564
25.1178
5.1723
17.3376
7.86211
24.0668
3.61404
6.76078
2.29637
15.3138
9.29156
15.0209
4.60941
6.19943
11.9604
9.3209
11.3383
10.8385
14.767
3.3273
3.06284
4.57944
6.33165
14.6546
11.8617
8.92523
15.4155
8.72705
12.0237
13.2911
7.46534
5.77553
15.6446
17.7721
20.8259
13.2887
