635.788
407.467
293.407
198.511
231.717
165.491
183.54
124.688
158.737
132.169
136.981
138.95
166.82
127.95
149.205
144.809
154.614
145.956
158.28
130.64
141.881
143.097
156.934
117.217
142.406
93.3658
118.424
78.8713
119.895
68.0041
114.927
56.3004
104.557
65.4768
97.1783
66.5013
94.9881
79.5517
86.6227
80.7575
69.5746
83.2351
67.3644
80.7641
67.7614
72.4119
67.2606
71.3407
54.3523
75.0839
47.1664
66.8405
50.6337
71.5052
49.2453
72.9321
42.2671
66.7912
38.4087
73.1224
33.6977
69.9757
31.7541
72.786
37.3005
67.3565
42.3654
68.6699
40.6107
70.7896
38.3422
62.142
35.6809
73.6108
36.5667
69.2558
35.7217
64.9748
49.6919
69.0912
57.7154
69.3041
55.7204
67.8012
68.1522
57.2266
81.7455
48.8605
78.7519
54.9385
73.5956
55.8413
71.1474
50.9635
72.6171
52.7901
69.3209
49.5787
70.4134
52.7815
66.7449
51.342
69.0718
51.3946
70.0014
49.9516
69.6275
48.1811
70.0376
48.0118
64.7285
47.6518
79.2123
41.1526
85.1756
37.9408
93.6483
30.9488
97.4673
33.9648
84.4806
48.0962
65.8707
51.6858
65.7316
50.9335
71.6592
46.119
76.0677
46.1605
71.7062
46.9724
70.7296
43.8973
74.8476
43.0885
75.7714
46.3512
62.736
46.8702
66.389
43.8126
70.8843
40.1829
72.1426
35.1841
73.36
42.5381
81.0428
43.0508
80.0913
44.2468
78.1426
41.9255
76.776
42.5864
73.3489
46.3387
71.5483
46.418
72.7191
42.2594
67.7481
42.1474
67.9138
42.0133
63.8621
42.5788
62.8398
42.2958
61.8557
45.5969
70.3487
42.7416
83.1827
35.8016
96.3092
32.0059
77.3895
46.9365
74.2148
47.234
62.9555
51.234
45.9211
56.8809
40.6696
56.738
40.8418
54.2879
34.197
56.268
33.0865
47.7007
41.3496
53.5887
46.3508
47.4994
45.1109
46.8817
46.1579
47.9758
46.9279
47.4227
44.7685
45.6079
44.2481
43.888
49.6115
38.6337
41.6652
35.7042
47.4041
33.8807
52.7358
34.2556
44.9609
43.5911
42.8875
47.4028
43.2342
33.8325
41.8399
40.7817
36.3191
39.2971
30.2024
46.4019
43.6449
45.8878
48.1699
40.2108
58.5768
44.2765
41.9523
54.1984
38.3059
38.8964
37.6421
49.6275
35.8268
47.757
39.2384
42.412
35.3714
43.3808
44.8646
42.727
48.6304
49.4871
49.097
48.8919
52.6628
65.2131
31.7168
71.9926
32.7038
72.4922
35.6615
75.8292
38.5314
77.5139
33.6781
68.1659
42.1031
62.3193
45.5633
63.2832
44.5376
61.1017
42.7742
63.1031
49.9753
69.1686
51.1973
67.6658
50.4426
68.1706
43.0408
71.9225
38.9867
74.7017
32.0149
77.4762
34.629
75.3761
34.5235
72.9112
33.6121
73.8792
31.5491
66.6615
37.9031
61.4308
41.44
57.459
45.0077
54.7747
45.742
51.9576
44.825
53.4862
41.9667
62.9246
44.9504
60.9069
43.7948
61.4629
41.0803
63.6559
39.3263
65.331
37.8979
65.5756
35.6976
65.8974
33.3242
68.8119
32.4458
63.8575
32.625
65.5001
32.8743
63.6656
34.4059
68.7108
38.2735
72.4007
35.4052
77.416
33.5793
78.6544
35.0209
77.0637
34.0536
80.985
28.9188
84.7854
26.249
93.4998
23.2483
101.851
18.8897
100.846
19.3473
97.5612
19.6657
80.0793
31.7294
77.9907
28.4605
80.7922
27.7632
83.917
27.9601
77.2505
28.7338
76.6472
28.639
76.8681
26.572
83.0446
29.7363
54.0599
30.324
49.0812
22.2865
47.0991
40.6128
35.1011
66.3256
30.4367
69.484
25.3338
73.9639
30.3138
85.2541
22.5809
81.8756
24.2027
27.7816
19.1694
35.4611
24.7239
46.7803
34.9721
45.4465
34.0437
39.2388
33.1073
41.5425
28.7816
43.2601
37.1629
41.9199
35.4992
39.2764
39.3123
40.1235
40.8677
39.9167
35.9596
26.5393
29.9916
33.3595
44.0321
35.9934
41.7649
29.2541
43.6625
36.5601
30.8409
30.8058
33.334
37.5719
36.9549
39.933
35.947
38.8638
34.5187
34.1459
38.5713
35.7623
34.9061
37.6792
31.5169
45.7749
27.4376
30.2456
29.3135
47.6909
32.8242
44.2482
30.3778
45.1395
27.8997
53.4243
28.4191
44.3209
29.3459
48.0629
28.4486
45.4234
27.8084
44.538
27.4499
61.8051
23.0915
27.8815
33.0247
41.151
32.0932
45.5552
29.9678
52.8227
32.0422
51.3702
30.5322
66.6814
36.3135
74.0572
35.7977
76.0903
33.7542
79.6295
35.9589
73.9876
32.2488
85.3013
28.1516
92.4792
23.2358
79.118
30.1379
42.7601
51.884
43.2002
61.0385
44.485
57.3257
46.5733
48.3783
48.517
46.9558
47.5398
46.5127
48.962
42.4976
49.2311
43.2926
48.5372
43.9533
51.2153
46.0116
45.2328
49.2122
41.472
48.5826
42.3736
47.6613
39.4792
51.5312
35.618
46.1539
38.7969
43.6576
43.3009
38.0362
49.3767
35.5451
49.3281
34.4482
52.504
35.3225
50.1906
40.2863
54.4567
44.7893
51.5977
46.3697
46.5541
49.512
41.0162
47.5282
39.823
40.1915
45.0858
39.8253
41.8359
41.8407
37.6912
45.2187
36.6204
42.7824
36.742
44.8572
34.5487
57.8568
30.3011
57.5329
27.5907
60.9515
26.9534
51.5788
30.9348
47.3046
32.4828
44.2415
35.0381
42.2449
38.781
43.7174
35.2194
44.8065
36.1881
42.6558
37.8189
40.0392
39.8342
36.2961
43.7161
31.7498
48.5357
28.7429
50.5288
24.994
53.8543
24.2344
53.9884
21.9971
62.7134
23.9599
70.9726
23.7372
75.9278
23.7007
74.4197
24.38
68.7854
26.6252
65.7999
26.7117
62.976
29.2021
62.4267
28.124
65.2337
28.4846
61.5534
33.1185
56.4806
34.854
54.8492
39.1883
54.7692
38.0371
49.8464
43.6377
49.0124
44.9378
41.1057
48.2917
41.5603
47.9988
38.019
47.4921
40.5128
52.4351
40.0195
45.9751
42.2302
42.1706
39.4183
38.5183
37.7559
48.4642
37.8875
49.7716
35.9163
50.3658
36.9714
46.804
43.6005
36.8707
46.8799
35.9
39.2917
36.197
37.3881
46.55
34.0704
48.433
33.7306
45.5304
41.3954
40.3416
39.3377
39.1007
29.0469
55.1003
27.4975
49.3528
25.1102
57.3792
22.0218
50.2275
24.4266
57.9001
23.8039
45.3577
29.9192
41.5927
29.7303
40.9246
38.4988
43.4214
33.4947
40.7173
22.9969
39.5021
31.39
33.2633
27.2451
33.155
30.4884
34.0381
29.4795
25.9972
30.7996
24.3452
28.875
26.2219
46.1017
21.7265
33.4231
32.8588
30.5359
29.0204
32.4016
20.5512
43.5816
31.1079
43.3797
28.968
46.3196
32.9307
13.764
50.005
15.2087
50.1416
14.1561
43.5956
16.3532
36.723
18.1428
39.2595
7.17089
14.8641
24.8885
38.4275
24.7723
44.2138
44.0012
40.2389
40.6301
45.4247
41.5443
40.2182
21.2771
51.7241
33.2804
49.5273
35.4342
48.0204
33.4391
47.2854
35.3263
45.3383
33.1574
45.7405
30.7334
46.5558
35.3869
48.9398
32.8129
41.7418
31.8739
33.9288
39.2844
32.0825
36.7583
36.5594
32.2425
32.2975
38.5801
35.2223
34.0661
40.4768
32.1686
32.5894
34.1914
36.4667
36.7186
35.381
33.9989
33.6596
33.4361
46.9475
26.206
49.9312
24.3569
39.4771
31.0285
38.4479
31.5351
35.1476
21.7392
30.5486
47.1858
31.7244
25.7979
34.0398
34.6054
32.6067
37.1964
35.7993
32.7039
40.0378
37.1206
37.3804
26.4952
42.887
26.8859
28.8292
35.2564
24.4768
19.1723
41.541
30.2314
38.5551
29.3014
42.7265
25.8825
41.0194
24.6194
38.0496
19.8497
48.6195
24.0729
52.566
21.6188
39.7151
22.8602
41.0268
23.8545
32.2977
28.4038
37.3718
29.3603
41.0529
30.0195
40.8122
27.2461
37.6952
20.9388
29.6251
26.9686
21.179
17.5964
27.9375
23.9886
20.2558
45.5823
16.8839
60.5178
17.7004
52.1946
19.971
54.4194
15.0468
31.6405
26.3721
35.1475
28.0031
31.9497
29.9111
28.3672
22.878
32.2606
31.5006
32.8214
24.0934
42.0023
27.8857
31.0106
26.7861
30.5493
22.4005
30.4602
23.0464
25.7422
30.4247
29.8057
25.6362
31.3918
29.9162
31.1493
22.8753
48.5156
18.8211
47.5177
19.2681
39.9554
20.914
32.5973
25
34.0631
20.3629
34.9546
21.1234
36.6055
19.8111
34.3332
25.1267
32.9902
29.316
25.5973
21.6523
23.8309
22.114
19.4492
13.4666
32.5494
32.8003
30.3678
34.0243
26.4663
33.5873
26.543
30.6582
23.7766
24.9649
24.28
26.8151
25.2298
27.5625
20.836
21.0051
30.2956
31.2574
32.3805
32.6306
22.3808
40.5149
23.1064
36.669
27.1189
37.0486
19.2395
38.1903
21.6646
37.6621
23.8243
18.0519
31.5917
27.3685
31.2592
29.5087
23.5099
23.2713
18.7655
17.5568
18.4855
34.7687
18.6433
22.3267
35.5112
24.8834
38.6949
14.3243
54.3327
18.3609
37.7883
24.7812
15.7931
41.8657
19.6372
40.5701
27.1267
22.2853
44.1258
17.2952
51.4441
14.0609
30.8045
31.7153
18.5292
31.9893
14.5286
23.5297
16.882
48.5781
17.8675
41.9089
16.6274
37.8316
13.9447
16.8339
16.7871
42.7059
14.4852
7.46646
57.5245
10.6471
41.3232
26.0691
35.7191
30.2588
31.7499
28.0287
35.381
36.13
7.02911
55.5952
14.8665
33.7539
19.2536
33.6706
32.2404
20.3219
45.606
26.0699
35.5525
23.9712
33.7061
24.4937
35.7565
24.7449
12.7818
42.3568
19.8069
27.1307
35.5519
24.9571
52.6691
35.6954
12.1655
33.6933
27.8132
25.8743
23.1642
25.0667
27.5956
23.8331
20.8275
34.4923
19.7445
36.6765
19.478
21.9315
18.2547
28.3864
11.9248
50.0961
12.4061
57.1401
23.6318
46.6762
39.8419
18.7049
63.6612
13.4031
55.7794
18.7816
26.0232
39.7273
19.3214
34.108
25.6077
26.7497
38.9727
20.9407
25.1995
32.248
25.7595
35.5509
34.6825
34.494
45.2846
18.1599
65.3723
19.1798
56.3853
13.78
51.5524
21.7558
32.1033
24.5026
28.6877
25.9602
38.7224
23.9539
43.2744
24.8964
39.8613
23.6465
32.7265
22.449
36.6862
27.0012
47.6592
20.8473
44.0007
22.9865
41.4134
25.1111
41.005
24.25
41.5402
22.2808
43.2223
23.3538
42.7713
24.2709
41.2011
28.4586
38.1306
28.1068
35.3668
29.1487
36.6303
25.4337
37.7003
25.1168
39.9309
20.5205
37.778
22.2549
33.5678
23.9702
30.0538
25.1258
32.7059
24.3142
29.7109
25.5021
27.8063
27.3901
28.6672
30.2809
28.0224
28.4692
25.0209
29.8075
25.1098
29.7357
29.7713
27.474
25.3674
27.1994
30.4465
30.1664
28.641
27.8052
28.6008
40.2387
26.7013
29.7478
26.2878
41.3466
19.4655
40.9658
18.2475
46.1709
12.186
31.3072
27.848
6.01068
65.9758
11.1873
34.1847
23.0677
21.203
20.8349
32.3375
21.9187
23.858
19.752
32.6963
20.8097
33.4065
18.279
37.1992
11.4359
58.1616
10.023
50.9393
17.8733
39.2944
37.4026
7.87323
58.5211
19.2517
60.6545
18.1885
41.6834
21.3322
38.4905
25.8319
43.7768
26.4717
38.8461
41.336
28.3993
62.828
32.4833
13.9795
56.0311
19.8491
45.9301
32.7205
59.0212
25.8926
33.2835
23.5619
46.5715
23.175
50.1237
25.2867
40.3073
31.5534
46.9331
10.9112
67.9757
18.4839
17.0083
57.3397
20.1096
45.5897
27.2943
20.1077
48.2381
24.0303
41.8527
22.9679
41.926
30.3609
38.343
34.3698
34.4937
35.598
33.6015
37.2248
31.6638
36.1591
28.5986
41.9225
26.8242
39.8516
25.3896
40.6159
27.4705
36.3228
27.3352
39.5827
29.3748
24.1728
39.7662
32.0195
31.2874
41.3974
25.3012
33.2172
37.7576
29.6984
36.9108
28.9815
37.1571
27.7989
38.0337
26.2872
38.9596
24.2375
25.4853
32.3417
22.0875
41.4939
17.8144
38.5501
14.471
25.2269
30.273
26.6829
26.2417
24.7742
23.3262
25.196
23.509
22.8903
25.2603
20.1313
40.6561
7.56299
16.0224
31.0745
20.2176
21.9904
20.0837
22.2354
14.3877
21.2925
20.7746
23.5649
24.3897
20.2197
23.9559
24.9264
24.8551
16.1759
25.6027
23.7429
16.6338
29.274
19.563
20.7145
31.3513
16.8404
28.7408
16.4564
19.5184
19.5612
17.4111
31.5801
13.09
29.141
15.1352
25.1949
19.1654
32.0286
18.6919
32.6945
18.8413
26.3044
22.3705
25.126
20.0223
19.7403
28.1761
25.1097
37.4339
35.7015
33.375
34.0451
34.8221
33.088
35.8267
28.7428
37.1907
30.2682
36.931
24.6297
44.6927
21.3679
43.158
21.1837
47.0003
19.1762
45.7757
20.462
48.3343
19.9487
45.4082
17.1534
45.7389
18.0761
48.2037
17.1588
48.3442
16.4766
49.0328
17.987
50.3847
16.1402
46.4013
22.9346
38.8463
25.0479
40.0828
26.6755
38.913
25.8169
38.8769
24.9384
39.0692
26.3277
41.3126
28.6268
36.6423
29.0675
38.283
29.4535
37.535
34.1173
34.7343
33.1377
35.1322
33.7006
35.1526
35.1265
32.0654
38.9757
31.6395
41.7769
30.4615
40.8433
30.5258
38.0742
30.7116
37.7361
30.9523
35.376
32.6397
33.1313
31.1027
29.7586
32.8414
30.6288
31.5717
33.2533
31.1723
36.8893
30.6142
33.4264
29.394
32.2538
28.8026
33.3646
29.7554
35.7261
26.3111
39.6263
24.8572
39.405
25.6651
35.9399
26.4528
39.1493
27.0252
44.3378
25.7894
41.0966
25.3134
33.8059
33.7074
27.0222
40.6319
26.3361
40.4951
25.361
39.1506
23.9251
40.5176
26.7178
34.0184
26.2239
35.4874
25.011
35.6682
26.6303
33.4529
26.5643
34.4375
27.9909
33.4159
28.5667
33.3296
29.7354
33.2195
29.9156
32.0576
30.19
31.8095
30.9588
32.1853
30.9422
34.7172
28.9661
34.7448
29.842
34.729
30.4554
33.9542
31.1158
32.5632
31.5735
31.4519
32.8051
29.7217
34.6166
29.0762
33.4589
29.0051
35.528
30.0383
33.4533
29.7594
33.3
29.2435
33.9004
31.3497
31.0461
31.6942
31.4439
32.0034
31.1534
32.4496
33.3927
34.5047
30.9784
32.513
32.5716
32.7295
32.982
32.4659
32.4559
32.6868
32.6177
33.3218
32.9713
33.0235
30.9343
33.892
30.1419
34.0172
29.7695
34.2835
29.6638
36.4351
26.9391
37.7498
31.1188
37.2483
28.2884
33.2311
30.7126
34.1964
28.3051
37.0256
30.8763
32.1495
30.2121
33.4415
31.0159
32.3835
28.5434
34.3161
32.1546
33.01
30.8618
35.5015
31.3398
34.9941
32.0565
33.4705
33.7491
32.9821
32.2892
31.7773
30.0732
33.8637
33.722
31.0399
33.8434
31.5994
30.1482
33.791
27.5359
34.157
31.1594
30.6019
29.5924
32.1323
30.5274
31.1924
31.656
28.6635
26.7239
38.9026
29.1681
35.1652
30.2965
30.1174
30.375
32.3738
30.5775
33.6652
27.4828
35.4182
28.8961
35.5115
29.6664
34.3171
31.2093
36.6086
31.8298
33.5193
32.0972
35.8621
32.9051
31.6196
32.7556
32.7419
31.3387
34.9667
32.8916
34.7782
33.5549
31.7297
32.1528
33.2615
30.7297
31.7014
30.4527
34.3506
32.6779
34.448
31.0599
36.5102
31.503
36.7607
30.0561
38.1136
29.4313
39.2066
30.3422
35.8475
30.192
38.0586
29.706
37.1391
30.8142
36.8431
31.8673
37.506
31.9166
36.569
32.0017
37.3573
30.9651
35.7255
32.2138
34.3944
29.1893
36.364
31.2873
36.858
28.4121
37.7034
31.2585
35.0142
31.4599
36.0168
30.3798
35.9716
31.5217
34.7526
30.5621
35.9807
31.3104
33.6363
28.5157
35.2383
30.3913
34.5275
30.9413
33.8943
27.4275
32.1976
27.0824
36.6717
27.7871
35.5871
29.6688
36.5474
27.5689
40.6254
27.3634
38.8552
26.8218
38.9511
26.8942
38.6811
28.1888
38.2321
28.9072
36.3383
28.5902
36.3777
28.9462
36.5007
28.86
36.0329
30.6407
37.037
30.1539
35.4903
29.2591
38.5952
28.1649
38.0684
28.7659
38.8651
29.1042
36.5717
28.4805
38.5772
27.6402
38.0354
27.8515
38.1465
28.5765
33.3877
31.2844
36.5217
29.5912
39.1043
28.8836
37.9841
27.488
36.8629
27.2472
35.0668
29.4517
38.5581
28.6191
38.5277
29.0368
38.2486
27.4841
39.9717
26.0629
39.5533
27.045
35.1105
29.2205
36.2777
30.2477
38.4272
29.814
35.1634
29.2444
33.776
30.203
34.3199
32.6827
35.9418
31.3477
33.4287
31.465
33.1908
32.5324
32.1851
35.4374
33.4036
35.6399
32.2907
35.3141
31.4097
30.388
32.9457
33.6636
34.102
30.4595
37.5962
27.5548
33.9957
31.7555
36.332
33.9213
35.0237
34.5944
34.2288
34.1655
33.5941
34.1707
33.2693
31.8888
32.3694
32.5575
31.346
33.3502
31.1853
34.6832
31.2794
34.9264
29.3697
36.9015
29.4306
36.5532
30.2178
35.955
32.3993
31.4818
31.8883
34.6682
34.2588
34.9814
32.15
32.2906
28.6181
35.8197
30.1639
41.0908
29.4127
37.376
30.1135
39.984
30.3601
41.0309
29.6539
41.4455
29.0556
43.754
29.4751
39.6595
33.2574
38.6089
33.0024
38.6286
31.9447
36.6482
33.3863
36.6297
33.0884
36.2547
33.3999
36.0243
33.3894
36.6391
33.8224
36.1101
34.5164
33.9438
36.4805
35.136
36.4916
35.6001
35.4099
33.8296
36.6045
33.1633
37.2674
32.3239
38.8266
31.3264
38.3047
31.4534
38.009
30.6738
38.9366
30.6757
38.6864
30.1904
39.0502
30.8471
38.6701
30.7271
39.0323
30.3361
39.7903
29.0524
40.1532
28.0436
40.3108
28.76
42.0522
29.8341
37.3176
36.9695
37.3206
33.4127
38.0568
30.0614
39.1619
29.3381
39.4466
27.5251
38.2138
28.6096
37.6451
30.4716
37.2134
28.9865
38.4939
29.1636
38.4225
29.4637
37.7235
31.616
38.0903
30.723
38.5397
31.1271
36.6522
31.0719
35.645
29.9111
36.332
30.7624
37.759
27.7028
39.5534
27.1019
40.36
26.1006
40.1312
28.0488
38.2163
31.5105
39.6636
30.8978
37.1646
31.3917
38.7489
29.802
38.7664
30.1772
39.17
33.9538
38.117
33.2671
39.328
32.3486
39.5459
31.1499
39.2714
28.6832
41.39
28.3377
41.3784
29.5809
41.3533
29.8391
38.6669
35.1599
35.1033
31.0411
36.2803
29.9257
37.5152
30.0411
37.237
32.1034
36.7953
32.2803
36.5485
28.0832
38.1913
27.2989
39.4134
25.2726
38.0209
28.4506
38.3515
26.7505
37.5418
28.742
38.1771
26.0094
39.4945
24.4797
39.1753
25.6452
40.6996
24.039
41.9512
26.9186
40.994
27.6134
41.5588
24.8717
39.1067
26.8014
40.3586
25.785
41.6089
24.9597
40.8885
25.0997
38.181
28.5237
38.6418
27.3261
40.7783
25.832
42.3265
25.6046
43.0352
23.3619
41.682
24.2631
44.3686
22.5272
43.8384
21.2497
42.6757
24.1389
43.2536
22.9943
44.6339
21.3386
45.3687
24.4835
44.4415
24.2794
41.1421
29.5661
40.8631
26.4299
41.4043
25.7611
42.3602
26.465
43.0041
26.1365
41.545
29.1703
38.6273
32.1426
39.3252
33.6055
38.7428
32.076
40.2021
31.3245
40.5166
29.5601
42.0902
29.6534
41.7377
30.4071
42.3805
27.9413
43.0477
25.8554
43.4969
26.4014
48.6367
23.0548
50.4518
25.1179
46.4686
24.5194
44.3802
25.6586
40.4767
29.477
41.5326
28.2721
39.7972
29.311
41.0694
27.2878
40.1914
28.5767
40.5731
25.8253
40.2946
27.9629
38.8937
27.5039
39.5514
27.7922
40.3729
27.0273
39.9286
24.1268
42.3655
26.3916
41.455
24.0899
39.8436
27.0375
39.378
27.2136
36.2944
28.9427
35.2198
28.6419
37.4206
26.4509
36.9032
29.4679
37.5696
29.8732
37.5306
29.2624
37.8049
26.6416
39.1714
28.7318
36.4505
28.4169
37.1522
25.908
37.0896
26.2653
37.7575
26.9598
36.2902
26.7711
34.9126
32.5899
31.9408
31.9967
31.8963
34.1651
32.8312
31.3117
33.8341
31.8904
31.718
33.1713
31.4696
31.2554
31.2531
33.8849
30.6715
32.2853
32.384
33.4851
30.7028
34.4591
29.1836
34.8068
29.6501
33.318
32.2947
34.3702
