593.646
432.264
361.331
267.219
241.921
182.787
147.582
115.496
113.333
131.107
123.875
119.214
105.233
99.3668
110.014
104.215
93.8185
110.492
95.1269
102.077
92.7618
110.464
102.494
117.752
104.361
110.979
96.7797
103.107
78.005
101.198
63.6748
78.0452
81.85
59.012
59.9331
65.6181
63.9235
45.5183
47.7958
46.4584
57.9531
54.0688
65.8081
56.0931
59.5465
50.0609
53.0582
52.944
53.833
54.8006
59.0155
39.3144
40.622
68.7717
47.0392
48.6639
53.8411
40.7063
53.32
45.1652
44.4748
40.6206
56.8061
45.0618
61.7176
47.4198
61.689
53.1106
51.4968
52.0633
46.9867
47.8428
44.8821
40.6636
55.1404
48.8037
47.8803
55.1243
40.9916
41.4518
57.5284
45.8946
46.9793
51.464
44.5662
48.5054
37.3703
33.4097
43.9491
47.6495
40.0446
53.6429
48.3875
39.2418
54.2217
41.2751
47.418
46.1168
42.509
46.161
47.1411
40.8068
41.1512
45.8643
52.5898
44.0667
44.8074
42.4811
36.281
47.8575
35.6891
39.9601
30.6642
44.1325
37.9084
48.7904
33.9832
55.9376
40.2194
39.0676
38.842
40.6727
37.7391
22.1803
26.7523
41.7918
29.138
32.6822
49.5668
32.1321
43.214
42.0718
57.4139
44.5184
51.1289
44.9792
50.4083
36.1371
44.8674
42.987
38.2231
45.0685
39.4435
41.6258
38.1799
41.6288
40.2706
45.0951
36.8255
53.6542
35.017
36.2443
43.813
28.4239
36.2635
35.5206
47.101
37.863
46.3811
40.6632
38.8343
48.5747
30.08
46.5568
33.6956
39.7968
26.6687
58.9346
33.0007
40.6223
44.8862
38.3247
24.0736
36.0288
30.0854
28.7189
29.7772
41.2477
38.5641
30.4032
41.8357
36.0439
34.5066
41.9718
36.8714
39.9814
38.2949
46.7323
38.1111
43.2151
37.6012
31.7687
36.3807
34.3979
38.4811
38.9382
29.4943
22.194
44.9848
29.4388
11.7703
15.4503
77.1983
41.6664
52.7216
26.3169
56.9346
36.5052
42.4022
23.0854
42.577
32.3503
47.2514
31.4543
38.6758
33.7718
35.0019
42.3293
33.5755
48.2507
35.4891
38.4234
40.3928
34.057
39.1829
30.6911
41.9023
33.6717
35.0518
25.1815
41.3483
35.5224
30.4451
27.53
31.8863
31.737
39.7939
29.1192
31.9977
32.8407
47.102
52.2838
23.8776
33.5789
34.8115
30.8747
41.2239
31.8195
37.0942
22.8948
36.9193
39.4922
42.2052
33.2324
34.9409
21.1237
16.4366
45.5979
35.4532
3.55163
37.1709
57.1082
25.909
38.3538
25.6996
40.8072
23.7468
27.3356
28.1348
25.3559
34.3311
31.8534
25.0788
22.6733
31.8794
24.482
27.6195
30.0219
27.2958
32.6785
29.8761
21.6966
32.2024
27.0986
35.3131
30.4786
31.5605
36.0791
27.2928
31.7903
33.4608
24.5312
27.3394
37.3204
23.1142
19.8148
29.2628
30.9735
26.3057
27.6012
26.8989
20.9725
33.2276
22.493
11.7451
28.196
26.9538
39.8136
27.8101
29.0546
28.8657
20.1627
29.1519
26.1112
26.4874
25.6846
24.7992
16.4894
25.4274
42.8501
19.7702
20.3792
26.2602
19.5405
29.4517
28.8021
29.2478
22.0069
20.5665
28.4038
26.7753
22.9262
29.0837
25.5823
29.0644
26.0039
26.1921
16.0688
20.1557
29.1799
12.4417
8.09914
19.0833
24.5283
19.2386
25.8246
23.4938
21.7924
13.9146
15.0443
41.3335
22.5569
34.9798
39.5627
20.297
25.1092
21.8932
30.8529
26.3157
33.131
21.5644
26.7023
26.1114
28.2646
18.877
28.38
23.5506
21.6618
21.9843
37.8702
18.8035
29.5063
20.5036
23.9339
25.2339
24.3244
19.038
26.3871
44.2119
28.295
29.6999
30.34
18.9354
29.2926
13.58
29.1004
21.9388
31.2173
18.3287
20.5382
34.3817
28.6933
16.7144
19.9139
27.0078
20.9382
24.137
21.6006
22.1335
31.0664
13.3038
19.1404
40.0327
22.11
24.2473
24.6377
22.949
20.6018
23.2335
18.0689
48.2081
22.2841
23.814
23.471
24.8666
30.0352
20.3696
22.3265
28.0675
21.2184
16.7271
13.6642
19.3035
25.9569
7.32882
14.6276
45.2147
10.4025
10.6485
38.3325
16.2962
23.1811
28.7643
15.9041
24.8298
18.5227
22.5301
12.4174
17.9328
13.9071
21.9948
21.9952
19.0815
9.17179
6.74817
6.11894
2.7271
29.5366
34.6626
17.4653
20.4493
45.6287
9.36988
17.2277
20.9261
35.5135
18.4509
15.5455
22.5083
29.9023
15.1205
23.0155
31.1726
19.2797
16.1248
13.0009
21.5142
17.0359
10.9709
40.6043
36.0438
17.7496
27.879
20.1757
34.0327
16.5407
23.7668
19.7968
28.793
16.8259
27.7589
14.8836
23.2236
30.4029
23.1892
15.6924
19.8905
5.70128
32.7019
10.6129
20.8875
15.153
27.2663
11.8504
18.2408
21.7839
40.7928
9.5042
15.4007
23.0664
11.9453
16.4182
16.1267
24.295
25.304
22.1587
25.641
26.7209
19.3966
25.9196
10.2669
25.968
12.33
18.4572
17.5156
14.0771
17.7198
29.0743
18.9468
24.3297
7.56839
20.3231
21.1742
18.7653
19.217
21.3485
23.8726
9.2473
23.9747
10.9647
26.8295
16.5751
20.0337
15.6197
7.52466
35.4582
31.5289
3.42112
9.30073
22.1659
20.7243
15.8128
8.6535
46.8599
25.1569
3.76438
15.9107
23.3099
5.73977
26.4398
19.4645
3.75367
14.1725
13.8641
1.79825
42.7028
36.7293
17.0738
18.2694
16.5325
23.9996
8.68138
28.8081
16.8637
15.9195
19.4717
26.1022
12.4712
21.5146
7.83974
17.2456
12.1591
7.09073
4.64447
12.2252
20.8127
18.943
14.1127
9.57878
1.61241
24.6998
28.2708
9.55058
17.3337
23.8746
17.283
13.0082
17.4013
20.0148
21.4527
15.7727
26.7765
10.6687
13.0826
10.8179
15.0688
6.86148
20.4688
20.7156
4.06003
29.4489
21.8077
2.69121
12.5988
19.3243
15.9075
19.6435
17.1958
9.44466
31.4088
17.5568
19.4522
10.0811
15.8553
14.6994
17.8449
3.34576
18.7063
15.7706
5.78204
32.6406
22.6852
5.59328
20.6698
13.9884
17.9242
16.5324
14.3839
15.8239
24.8098
19.1119
18.2829
13.5569
23.166
21.9073
20.1759
17.7145
16.5548
20.9141
15.9471
14.1885
21.9791
6.34015
15.328
16.9272
7.52304
21.2654
26.4021
15.4147
17.3404
11.8594
27.7852
12.422
16.9027
16.1647
11.9968
15.9332
26.5741
10.7016
17.5097
21.4645
6.40851
13.1108
32.1144
5.31256
6.38042
40.6799
25.1364
19.4278
25.6508
16.0117
25.4781
12.8986
19.5833
17.1217
17.5664
12.7508
14.187
14.6256
16.9965
10.0134
23.7233
17.1717
10.339
29.264
27.5632
2.89538
7.23214
60.4471
3.96563
4.82153
37.4821
7.50677
28.2183
12.7422
23.4983
14.2431
21.2142
12.1333
15.2915
16.2936
20.9739
9.61457
19.285
11.2846
11.2236
27.8061
14.5645
2.96538
18.8686
12.4646
15.935
25.4868
8.80736
36.9977
21.1408
11.4576
16.8934
6.10352
15.2747
25.85
20.4598
1.77179
5.77721
36.125
17.4846
1.9451
17.2133
22.9838
20.7934
16.3771
20.3046
21.0796
22.7124
13.2261
15.5467
16.8842
13.3176
6.35145
17.4285
4.30702
20.8886
11.2908
10.5094
21.8428
18.568
2.15301
3.36726
9.25032
0.806597
15.8792
25.9812
21.9887
4.63873
27.4565
25.6583
9.01427
24.4002
15.0053
20.7838
12.5731
27.3915
18.4301
16.6637
14.2409
9.51338
19.7265
30.2945
3.27364
6.57054
3.32953
18.1775
14.7541
10.7418
8.45788
12.154
13.3396
13.5232
16.269
8.35173
19.4201
18.9566
23.283
26.3367
22.8424
18.2506
23.2973
9.74032
30.1475
10.511
20.4898
27.0822
18.5988
8.5206
12.7572
10.1966
14.5141
10.8975
30.0884
10.3076
8.17822
28.2596
16.9114
1.86401
7.30168
1.31855
19.9128
15.8891
7.26651
11.5
16.0632
16.7951
20.4431
37.9564
5.41972
33.9487
18.8707
5.31365
19.1757
18.335
8.96737
13.8247
31.8461
15.7697
22.5742
10.5509
27.6419
16.232
18.483
16.4792
19.9152
15.0416
15.4774
16.5958
22.4802
14.3254
16.3556
20.3908
18.3564
7.0817
16.9255
22.9951
11.9696
18.354
23.3561
16.4962
17.5914
19.1539
18.3087
18.7208
11.8498
13.1742
16.749
17.4142
14.789
19.396
9.29242
19.6138
18.2076
15.6008
12.0476
12.3075
10.4282
27.2519
8.59392
14.5006
21.178
6.59406
9.41694
2.86178
28.8831
8.70598
11.1798
17.0471
14.289
14.7564
16.1765
26.2019
18.2506
3.6357
9.84428
5.56358
4.26353
14.8881
30.0031
14.6015
12.0618
15.766
14.1501
6.498
8.60239
25.5819
18.8857
17.2428
6.69585
12.8269
11.5665
12.3235
9.22646
12.7453
5.15302
18.6374
20.5729
18.8738
16.623
21.0796
15.9312
30.0177
10.9951
18.9856
18.4834
10.9738
8.10567
4.8857
4.30946
3.0348
3.56213
23.2059
5.00592
6.23422
35.3835
6.29912
28.5513
15.558
23.0794
6.71815
14.542
13.303
3.35729
10.893
38.0212
11.2994
21.1054
13.1453
23.6273
16.7455
24.3211
12.1445
13.2115
10.0376
15.1675
4.96313
14.7317
7.82338
19.8311
17.3904
21.5411
10.5726
25.3194
13.0981
15.2942
11.497
18.2361
20.1647
14.4452
2.95315
7.8411
10.926
19.5738
11.1737
4.82324
18.5576
20.0646
9.1374
15.617
19.1008
18.012
10.449
7.39082
32.0149
7.07716
5.9324
15.7258
14.2666
23.3877
12.8236
9.88442
3.30041
23.4747
12.2827
22.1701
11.9073
22.8891
13.1598
20.8237
10.4335
15.3045
12.6774
3.90307
29.1855
16.829
5.71506
13.3639
31.1657
10.8059
5.35284
21.3453
7.61114
11.9307
17.5644
23.1331
26.9004
16.8127
6.62715
12.6199
15.0974
26.1066
8.12159
10.3193
21.1504
18.6106
2.10863
5.55629
30.2205
8.93463
6.70608
0.154571
4.0348
43.343
8.94379
15.0949
10.7893
2.48448
15.4709
14.4575
26.1857
10.8072
17.5829
23.7307
4.52446
20.6206
34.058
13.2193
17.4244
23.953
18.7549
15.8291
22.3077
6.56871
7.0584
35.6771
11.7198
16.8495
29.9611
17.7718
23.6695
19.7852
19.2756
21.453
18.5866
15.4906
12.9808
10.1861
18.3284
18.0911
4.86778
9.45067
12.4119
20.9605
10.4382
6.64526
21.4975
17.1052
6.60393
2.59273
3.2946
9.48937
9.2038
13.94
31.1315
12.1139
20.1222
15.2846
18.7061
12.1155
12.0395
18.9851
12.0794
30.4168
26.8777
9.72118
8.2671
32.1406
10.5844
0.655026
3.5172
47.1444
8.16457
7.48582
13.1647
2.0901
7.69323
24.3535
8.33155
27.2924
19.4997
19.1175
17.8932
16.4152
12.2428
17.7516
17.0611
14.2565
19.9176
4.6119
3.56734
5.54973
12.607
29.8827
11.5832
3.86298
11.9523
23.6669
9.21635
14.7734
11.5028
12.0329
18.8347
17.2349
13.8421
14.6959
6.64277
28.3032
10.0193
1.9678
8.80112
40.1574
9.58408
2.30573
25.6696
10.5536
4.73509
12.0424
13.9306
12.8817
17.3314
14.3527
14.2836
14.5475
6.85556
22.6807
11.7349
14.5502
12.5339
17.4302
22.4427
3.20759
9.12568
21.1409
18.5888
1.31381
4.69373
32.2865
7.73113
8.06489
16.0787
10.0435
14.8705
15.0736
10.9955
0.707236
9.88148
35.0631
7.528
1.14973
13.0971
27.5641
11.8273
29.6461
17.4582
1.44621
4.45054
24.4275
18.5621
0.186676
9.02903
36.4035
8.43766
11.7515
4.78814
13.5353
22.3504
15.6758
20.0709
12.2666
21.998
10.77
13.895
12.8982
20.6771
7.76051
2.49487
4.14851
5.50566
12.7284
23.1483
4.33038
13.536
12.6956
6.59077
16.4774
25.6479
16.6382
12.282
17.8418
13.1969
20.764
13.2966
11.8245
21.8352
16.6115
16.9562
13.4343
13.0597
21.2542
14.2359
17.3836
11.1015
12.9566
7.32138
7.96465
28.8718
8.71993
20.4196
14.554
12.102
20.5536
11.5267
14.3071
8.03959
3.52703
11.7348
30.9332
7.09819
5.06795
18.765
10.6539
20.0999
21.5128
16.1425
18.1197
18.7494
18.7065
12.8753
8.60895
4.71502
9.95884
31.7809
12.5539
23.3177
9.57499
19.0638
18.8045
14.3404
13.3089
18.0298
13.7615
16.9309
9.53015
9.11989
21.3793
13.6046
6.83874
3.68283
5.32827
25.4646
10.4301
15.9007
19.679
10.8656
21.1036
11.6504
9.57714
12.888
21.3227
2.57826
11.4105
16.3248
23.442
14.7882
19.5451
19.0159
9.0594
9.81039
8.49791
27.9638
11.9781
17.6915
10.8131
8.67016
10.1655
18.1422
4.2152
1.89139
7.34696
37.6537
4.0832
1.1219
24.6853
16.8832
5.30404
14.6159
10.3633
3.38653
15.1113
23.7501
8.1938
22.0625
10.4576
15.4135
16.7984
13.8274
14.2541
5.73623
11.828
13.5628
13.0869
10.7978
9.80506
29.4808
11.0755
17.6405
17.2194
17.185
11.26
6.2085
28.6903
7.41207
6.61942
9.3655
14.8975
15.9842
10.6309
13.4647
13.512
6.39162
3.04181
14.6115
29.0167
9.1503
22.9573
20.9474
5.10706
10.2344
19.2356
9.40427
5.04856
4.89273
14.2329
22.3514
14.9205
18.8067
13.5741
14.2507
13.6444
11.6451
13.7146
12.7111
16.2906
10.0717
4.61629
3.85607
12.5616
19.687
10.2124
6.37302
9.46659
18.0554
6.57844
13.7522
28.1336
4.58502
5.528
21.0341
19.2106
13.4132
19.8267
6.54855
5.63885
14.6066
14.2787
5.49153
3.86519
16.7115
5.58785
9.71041
17.2284
4.19764
8.96044
30.603
10.2542
5.49592
9.27409
8.26642
8.55998
25.0047
8.75152
17.1052
10.2894
9.26194
2.48649
6.55575
21.3293
10.4764
7.03158
11.663
19.7504
18.5038
12.8297
4.11037
5.65402
21.7123
15.9913
16.0995
10.5809
2.42672
27.4839
12.8868
8.10281
22.0273
12.8669
9.70581
14.0861
15.1921
5.28416
5.03646
15.0326
19.442
11.2803
12.8529
2.41009
10.8203
8.73262
20.1949
13.6115
3.20041
10.8082
18.5709
9.99357
7.51464
11.3825
8.07899
11.3854
19.3827
15.788
15.0378
21.3172
18.1814
9.59277
10.6928
21.4634
9.93669
16.5907
8.4896
9.746
17.2893
11.2775
11.6565
15.365
16.4532
10.1289
3.9417
7.84752
3.30943
4.90296
0.379813
3.24206
21.6092
21.2735
15.527
14.5444
10.3112
20.3359
15.5378
23.6963
9.07188
15.686
15.6013
15.1526
5.82909
13.0001
15.7532
17.8264
12.8366
11.4347
7.79686
12.7803
6.49884
6.91194
5.08616
4.23887
27.0436
11.9764
7.67049
9.49416
2.47086
8.03938
21.727
9.90672
18.6214
12.6455
16.4592
8.44509
13.1464
17.432
12.8874
9.93462
9.60964
9.42353
16.3781
14.3155
11.5409
10.1847
18.6087
11.0879
7.85885
19.9464
8.09765
5.60198
6.1191
25.7642
7.41766
6.72069
14.4316
24.4274
4.40905
2.32888
5.75442
26.5842
9.556
6.47078
17.7007
9.05524
18.8836
14.9006
13.5328
9.05716
4.67616
9.34845
14.2497
18.769
13.3061
0.301465
7.30867
34.31
4.33494
1.12948
2.64233
0.607141
8.01655
3.75181
4.07333
3.80102
0.566914
1.52198
28.9321
12.5132
18.4952
8.71148
17.0403
12.0915
18.4306
3.14841
4.97653
30.11
5.44661
6.1047
17.9915
14.7185
3.09126
23.4714
15.1731
0.625346
3.17881
1.72751
3.60285
1.54652
29.9795
18.5816
3.90018
5.14611
39.3335
7.28857
11.6616
12.3417
1.10518
3.63114
34.3417
9.79538
17.9293
17.7416
22.2429
11.1373
17.608
13.4264
5.57264
9.24583
10.9727
16.7107
13.9636
6.11034
8.43102
10.6251
2.61817
6.40373
20.9282
11.1728
26.6911
11.0968
7.03993
7.1497
20.8048
10.1391
21.6471
7.56621
2.78523
7.58519
27.3394
9.59742
16.0919
7.0139
22.8051
8.18049
17.9156
8.85522
5.35678
12.0793
4.24985
6.7854
13.4124
11.2939
7.17919
8.91581
8.58079
3.60926
17.6836
23.4894
13.6819
13.0599
8.43564
8.68338
12.8976
15.5458
15.8294
17.5183
9.5753
14.1254
12.7321
13.3134
21.1173
12.407
11.8883
19.8029
11.1518
11.224
13.0693
14.0934
10.6448
16.9585
13.9157
9.59446
4.57003
15.5482
20.6781
14.1497
11.0117
10.1116
20.324
10.7931
13.4395
12.7787
21.5897
13.7068
6.31618
11.0585
20.0303
13.411
6.982
19.749
15.9857
10.4479
7.89383
14.4406
6.14623
12.0454
7.48378
4.44857
24.2215
9.46902
1.84365
10.013
17.5577
12.9583
12.8429
18.4032
8.42896
9.22415
24.9039
5.54638
1.95746
9.14952
23.9609
9.63475
22.5099
8.05709
7.97312
17.4041
12.1339
7.65996
15.8313
12.7579
6.09532
11.7962
8.73391
4.67211
11.371
11.3625
3.38648
5.37908
17.0379
6.93411
6.11842
15.4099
9.92764
6.59768
6.83179
3.52645
3.51924
21.9167
6.08746
16.6694
21.1981
9.78007
3.13174
17.6299
16.8486
7.3438
8.11589
20.4378
14.051
6.62002
10.2859
21.618
13.544
10.9772
7.48524
23.3495
13.7307
9.05595
8.75901
20.2805
13.1162
4.56577
7.28211
11.0581
10.8518
11.0648
14.2194
7.74377
13.7863
5.15217
6.41131
27.5703
14.6275
16.1552
9.38881
6.25792
7.21494
15.0681
5.82893
19.249
14.1621
4.97995
2.97589
11.0238
26.2194
7.73609
15.7208
7.61589
5.25003
13.914
13.3897
8.59738
12.4734
14.27
7.6648
9.86004
16.7845
11.7974
13.2856
17.1766
16.6676
13.3855
12.3581
13.0829
7.2203
9.74125
9.71371
11.8482
8.23151
9.65431
7.82464
11.2036
8.97556
26.8654
10.3644
5.21566
8.39766
24.602
17.4971
8.80704
18.6592
10.1161
11.1858
19.5411
19.7228
9.95277
6.28944
14.5385
6.49173
5.4951
15.8603
19.4039
9.03623
16.8313
16.0824
10.1519
2.43701
9.52424
14.029
8.21706
17.4762
15.6751
15.2807
17.8758
16.2617
10.0288
16.0248
9.60605
4.87107
13.7739
13.2284
12.7984
21.8556
9.02929
7.73656
19.6959
6.13292
13.415
12.3544
17.37
13.0702
9.86921
9.37516
15.3523
15.3195
10.5786
16.0791
8.28602
1.88305
5.89983
2.03014
27.4394
14.6828
17.7326
13.3327
2.6517
16.4199
14.9566
9.03348
9.27137
15.8835
10.817
9.26438
16.3638
10.8009
14.7327
13.0834
8.10352
5.93158
12.2768
23.7868
13.5658
14.995
13.3091
8.74291
3.7467
16.6745
17.5239
8.28598
9.74747
21.8026
16.2332
12.3731
8.76575
6.21573
7.69901
16.2858
12.2485
12.6292
13.2091
5.50676
7.51552
18.7195
15.4326
10.5535
5.85605
13.3193
18.2023
13.6816
5.74676
11.0748
6.95323
3.98423
15.7741
19.7119
4.88278
10.203
16.668
16.2756
15.322
8.15238
5.86266
16.3777
13.266
11.5764
16.0295
10.7166
5.1681
14.5602
12.3917
14.5404
23.5529
7.12444
9.04108
21.288
15.0525
8.28087
9.36955
23.0217
16.4894
12.1312
3.27627
5.20486
26.4243
2.48683
4.5044
32.7085
4.91188
9.75389
29.132
3.54007
1.19235
15.4779
22.041
6.02196
0.663335
1.80136
13.2586
1.42111
2.07787
15.7747
3.20267
9.96061
7.17419
16.7683
11.8377
19.4906
10.4861
5.53
15.568
30.1023
0.690273
0.942984
32.7671
8.7206
3.01575
5.50176
9.76523
30.599
9.80145
14.2699
10.8336
21.4267
10.8135
17.7742
11.2505
12.5289
5.19726
6.53812
7.16742
20.4836
19.273
9.26556
19.6061
12.0932
18.6093
10.9249
15.7091
10.7561
3.95614
6.71179
12.5444
16.1211
17.9231
11.717
22.6311
8.24399
11.3196
23.0661
12.9283
10.8143
12.6097
20.3698
17.469
10.2105
9.75556
14.5938
11.6743
4.72872
6.71572
39.7668
7.1562
9.5969
9.28148
7.22597
17.8334
13.7691
14.4171
7.72396
12.4944
15.0157
15.8203
11.8029
11.5978
7.20144
7.85301
23.3194
15.5478
8.06945
0.777837
12.0927
23.6269
24.5283
7.70591
10.6816
10.4918
12.359
23.0544
17.3614
7.0451
3.08474
30.9694
12.3134
11.4019
13.0643
15.7174
19.8397
12.6908
11.8785
12.1808
2.70217
8.15533
20.7756
10.9473
22.8347
10.3151
16.5276
4.70091
11.3754
22.4695
9.64944
6.15993
9.17398
19.3873
16.4513
5.45332
13.5204
5.00362
12.767
18.524
11.6577
10.0713
20.7696
8.51379
13.9315
15.8898
15.1728
9.82128
1.7329
6.67685
22.5581
13.5272
4.18851
3.72194
21.495
9.00473
22.792
5.71097
8.15312
22.1862
10.9767
5.44743
12.715
21.9985
15.5063
6.38762
2.42666
13.5371
18.6889
6.01113
4.49142
22.8978
11.6237
11.6966
23.8286
5.99314
1.65476
11.8912
17.7741
16.5116
22.8114
3.98743
2.91416
17.7423
8.75693
9.6572
19.9459
20.0773
6.67034
11.7212
9.90797
6.41165
22.889
12.1888
4.63353
4.60529
17.3703
21.0283
10.9391
22.3309
17.6921
6.49959
1.67499
6.4349
17.055
12.6296
14.9056
12.5389
16.9799
7.9509
12.3385
6.61555
12.8152
20.7357
5.0805
6.77183
27.2072
4.82176
1.88984
1.30244
7.91954
22.8774
3.91334
22.6119
10.4382
9.7451
18.5411
14.0081
11.384
2.20955
6.08568
13.8957
5.81659
7.85318
33.7542
7.07292
10.5018
11.2658
1.74007
3.50589
13.5075
10.3747
14.4905
16.5163
13.7031
10.4028
15.8514
22.7409
6.10389
1.05346
13.7972
13.3185
14.6245
8.94567
31.4509
3.26011
14.9579
29.4397
2.28279
6.95501
29.9193
3.67999
2.22386
42.9619
5.25887
4.47781
15.6203
21.625
16.6255
11.1087
4.72969
12.0569
10.2169
11.729
4.37924
17.9774
26.2323
7.61978
13.7401
15.3482
16.165
11.466
2.65747
10.8272
26.7121
6.20676
7.34619
8.12062
20.1968
12.7854
2.83606
9.92823
15.8114
3.47624
22.6037
13.1074
0.954385
8.72803
24.0006
5.96304
12.1109
16.8545
13.0316
12.6487
6.03243
13.8046
19.1952
8.45526
10.3461
12.4058
7.50346
7.95019
8.28383
12.8984
11.0612
9.57792
5.16335
4.53281
18.7276
14.5293
6.78782
10.1532
7.98349
6.41675
24.0432
9.92974
8.6087
16.081
13.4841
6.78513
6.14916
2.6694
8.00273
1.71506
7.0837
22.7155
9.40112
15.7593
10.6249
9.69377
2.65303
1.81491
4.81135
11.2297
10.1072
10.2389
7.7937
9.38751
22.5915
9.99142
11.0701
15.3714
10.1687
14.3467
13.1207
10.4383
10.504
10.6962
11.9772
10.2003
12.4567
13.3637
12.2485
8.35455
13.0791
14.8307
10.8288
6.8066
4.66801
10.9363
25.1822
9.94881
10.7683
3.76083
5.39949
37.7172
5.8701
6.28907
11.748
10.6054
15.2713
12.0878
6.64919
11.4157
18.6764
11.3739
13.263
8.85238
12.8776
11.2014
9.16462
18.5604
13.1682
1.89138
3.88491
1.83458
1.77872
2.33374
5.8497
3.85186
19.1603
16.0002
9.54275
14.4067
14.3481
3.36725
3.34738
15.9783
18.0445
12.852
1.55724
10.6877
10.7045
7.70589
20.617
16.1684
9.39767
9.14462
14.7922
14.1268
11.1463
13.0668
16.2242
3.37741
4.15189
11.3364
15.9587
12.6416
5.91253
16.4203
17.8568
10.3123
1.58165
3.87617
36.2995
3.95371
2.70112
3.44873
1.5209
22.3891
11.9333
11.5337
4.67358
11.9982
18.142
7.84904
2.11434
3.01799
8.99923
18.5724
2.62567
9.48515
14.74
13.9539
8.06447
15.5782
13.5059
14.2847
4.29749
6.5325
21.2965
9.50858
12.4722
12.1611
10.7058
19.1206
11.2149
2.16734
9.4842
20.7522
3.60295
2.13229
5.64481
27.9467
1.99535
7.54408
23.8115
1.65324
2.81245
25.0513
6.43746
1.75987
6.03074
4.11302
13.9007
9.80491
14.3223
16.3724
7.71539
5.77571
13.2892
7.2289
13.4227
4.14211
5.18018
10.529
12.2194
17.4834
7.05384
13.4816
5.55504
13.87
6.52665
12.9319
12.112
9.91057
7.70244
9.39904
3.30446
3.60802
9.55678
15.8732
5.6722
11.926
6.61126
14.9965
8.62549
10.9757
10.5289
9.88346
3.13331
6.63251
6.38635
7.77199
9.07706
19.8765
8.59742
3.22386
4.32923
12.424
20.0057
9.13898
9.32906
9.1261
20.5879
5.26552
10.1863
14.4908
8.63426
14.0752
8.147
7.97347
8.9414
9.11564
12.5527
11.9469
4.1262
6.33806
13.4206
7.99246
9.89593
4.44537
11.201
11.3404
10.6948
12.8969
10.7569
4.76841
10.0122
9.46593
11.8279
14.1815
7.11061
2.14442
6.85703
19.743
5.02668
5.99731
2.82689
0.766438
1.29556
6.66543
12.8527
12.1383
10.0317
9.54253
7.40031
16.4123
8.22374
11.248
11.2906
13.3127
9.17858
1.48237
10.9304
13.9414
2.01499
8.46632
11.0152
8.40026
9.60386
14.9346
9.769
2.02603
9.00663
11.1675
12.2566
10.3636
2.81508
3.93825
36.2208
1.12862
1.51984
12.3107
10.5213
17.6253
2.70696
4.70794
11.5727
7.34136
12.5355
12.2608
11.0099
3.95859
12.5068
9.99337
12.1483
10.4081
10.85
9.32776
10.7637
12.1668
9.41559
1.93273
7.16817
12.3877
8.55983
6.81606
12.1638
13.5929
4.3718
9.5959
21.7483
5.35378
9.17599
12.6144
8.87066
8.19988
9.76432
9.00021
3.16257
2.86298
24.4443
15.441
15.3178
13.6032
8.49672
7.09899
15.3558
22.2215
9.92967
3.59264
2.67743
6.4654
13.4851
11.8967
4.91546
7.4112
5.95575
22.847
7.71228
0.48522
1.23378
29.6945
5.94981
12.8506
13.6023
13.0798
13.3412
1.70465
8.37815
17.2372
10.0246
8.28661
7.97109
18.4631
14.7816
10.6348
3.46292
4.73962
10.7134
7.19727
11.2809
7.46751
10.3399
13.4231
7.77679
5.58615
12.0525
18.038
1.84629
1.31424
2.34754
0.723327
1.43126
14.6541
5.14649
9.55465
7.00229
20.9512
3.92533
5.21327
30.9006
1.96447
2.86559
2.35649
3.10508
32.0569
6.81724
6.70494
6.79685
23.5689
6.46473
13.9867
17.7125
4.23148
1.90082
8.03333
19.8553
5.95518
12.2399
10.5723
5.28773
13.4102
1.2034
11.9429
20.1933
6.83438
2.37559
6.18373
8.09663
14.9101
10.8843
5.76714
2.38638
10.1601
10.2003
8.57642
23.8663
8.32324
9.76064
16.0961
2.29317
2.17315
12.9905
14.4613
6.64906
12.2721
4.72029
8.38026
8.69944
10.2739
13.7575
10.5738
6.34461
12.7673
16.678
7.15813
6.13692
16.9902
6.94936
7.768
11.0852
9.89379
11.1604
5.3101
9.70211
